DASSE;DASSA;DASSD;BEE;BES;BEP;EXT;SOC;CON;NEU;ABE;Escol;Ativ
 ; ; ; ; ; ; ; ; ; ; ; ; 
 ; ; ; ; ; ; ; ; ; ; ; ; 
 ; ; ; ; ; ; ; ; ; ; ; ; 
 ; ; ; ; ; ; ; ; ; ; ; ; 
 ; ; ; ; ; ; ; ; ; ; ; ; 
 ; ; ; ; ; ; ; ; ; ; ; ; 
 ; ; ; ; ; ; ; ; ; ; ; ; 
 ; ; ; ; ; ; ; ; ; ; ; ; 
 ; ; ; ; ; ; ; ; ; ; ; ; 
 ; ; ; ; ; ; ; ; ; ; ; ; 
 ; ; ; ; ; ; ; ; ; ; ; ; 
 ; ; ; ; ; ; ; ; ; ; ; ; 
 ; ; ; ; ; ; ; ; ; ; ; ; 
 ; ; ; ; ; ; ; ; ; ; ; ; 
 ; ; ; ; ; ; ; ; ; ; ; ; 
 ; ; ; ; ; ; ; ; ; ; ; ; 
 ; ; ; ; ; ; ; ; ; ; ; ; 
 ; ; ; ; ; ; ; ; ; ; ; ; 
 ; ; ; ; ; ; ; ; ; ; ; ; 
 ; ; ; ; ; ; ; ; ; ; ; ; 
 ; ; ; ; ; ; ; ; ; ; ; ; 
 ; ; ; ; ; ; ; ; ; ; ; ; 
11;9;9;15;10;33;16;22;22;10;7;3;2
 ; ; ; ; ; ; ; ; ; ; ; ; 
 ; ; ; ; ; ; ; ; ; ; ; ; 
 ; ; ; ; ; ; ; ; ; ; ; ; 
 ; ; ; ; ; ; ; ; ; ; ; ; 
 ; ; ; ; ; ; ; ; ; ; ; ; 
 ; ; ; ; ; ; ; ; ; ; ; ; 
 ; ; ; ; ; ; ; ; ; ; ; ; 
 ; ; ; ; ; ; ; ; ; ; ; ; 
 ; ; ; ; ; ; ; ; ; ; ; ; 
 ; ; ; ; ; ; ; ; ; ; ; ; 
 ; ; ; ; ; ; ; ; ; ; ; ; 
 ; ; ; ; ; ; ; ; ; ; ; ; 
 ; ; ; ; ; ; ; ; ; ; ;1; 
 ; ; ; ; ; ; ; ; ; ; ; ; 
20;10;24;6;5;11;10; ;19;25;13;3;1
 ; ; ; ; ; ; ; ; ; ; ;1; 
 ; ; ; ; ; ; ; ; ; ; ; ; 
 ; ; ; ; ; ; ; ; ; ; ; ; 
 ; ; ; ; ; ; ; ; ; ; ; ; 
 ; ; ; ; ; ; ; ; ; ; ; ; 
 ; ; ; ; ; ; ; ; ; ; ; ; 
 ; ; ; ; ; ; ; ; ; ; ; ; 
11;7;9;16;10;33;20;13;19;11;18;3;3
10;9;11;10;6;27; ; ; ; ; ;2;2
12;11;11;12;20;26;12;25;24;12;21;3;1
14;7;9;14;22;30;15;21;24;13;15;3;2
 ; ; ; ; ; ; ; ; ; ; ;2;2
 ; ; ; ; ; ; ; ; ; ; ;1;1
19;18;23;7;13;22; ; ; ; ; ;1;1
16;12;14;15;18;23;15;17;19;15;11;3;2
12;11;10;13;21;29;16;16;20;15;18;1; 
15;8;10;11; ;24; ;17;18;16;16;1;1
14;12;13;15;20;35;25;25;25;7;25;3; 
11;8;9;15;24;30;15;23;19;12;15;1;3
20;12;14;16;13;32;19;12;24;14;12;3;1
13;7;13;15;17;28;17;22;22;13;24;1;1
 ; ; ; ; ; ; ; ; ; ; ;3;2
8;7;7;15;25;33;22;24;24;7;15;3;1
12;8;8; ;13;28;16;20;20;8;8;1;3
 ; ; ; ; ; ; ; ; ; ; ;2;1
14;11; ;11;22;11;6;20;18;16;14;2;2
 ; ; ; ; ; ; ; ; ; ; ;2;3
11;8;9;16;20;29;18;17;19;10;22;3;3
11;7;9;17;30;33;20;23;19;10;18;2;2
12;8;9;15;14;31;15;20;20;14;16;3;2
 ; ; ; ; ; ; ; ; ; ; ;2;2
18;7;25;12;9;27;19;20;15;17;15;1;2
 ;7;12;13;12;32;14;21;22;13;19;2;3
10;8;7;17;21;34;15;21;20;8;13;3;3
10;7;7;16;25;33;15;20;22;8;18;3;2
14;11;9;17;24;31;19;22;20;10;19;2;2
13;8; ;15;13;29;22;23;25;9;16;3;3
7;7;7; ;23;34;25; ; ;9;22;2;3
7;8;9;15;20;31;21;25;23;10;17;3;3
16;10;13;15;24;29;25;23;19;14;19;3;3
10;7;8;15;16; ;17;19;24;9;22;3;1
10;7;17;15;16;28;18;21;20;18;20;2;2
10;7;7;15;16;30;21;20;21;10;14;2;3
18;16;18;15;12;25;17;18;20;14;18;2;1
7; ;7;17;22;34;18;25;20;7;21;1;3
9;8;7;16;15;24; ;21;23;9;20;1;1
9;11;9;16;17;24;14;18;19;11;12;1;3
15; ;9;10;28;30;24;21;14;13;12;2;1
14; ;8;16;20;36;25;25;25;13;25;1;2
 ; ; ; ; ; ; ; ; ; ; ;1;3
12;10;19;9;14;22;21;18;15;10;15;3;2
21;11;14;16;27;32;23;22;24;14;24;2;3
15;9;11;12;18;25;10;24;25;20;21;3;2
9;8;7;17;15;26;13;17;23;12;23;1; 
 ; ; ;18;18;33;14;19;23;13;15;3;3
17;9;12;14;20;32;23;21;22;10;21;3;3
9;8;13;16;14;27;12;23;17;20;17;2;2
 ; ; ;12; ; ; ; ; ; ; ;3;2
10;8;9;17;19;29;19;20;21;7;13;3;3
11;10;16;16;10;29;22;20;19;6;18;3;3
14;7;11;11;13;22;19;19;17;16;12;3;2
16;11;14;15;21;25;14;18;20;14;21;2;2
26;17;23;13;21;22;14;19;21;19;14;2;3
17;11;15; ;13;13;20;23;20;10;14;3;2
11;9;14;11;13;24;17;24;24;18;16;1;3
12;7;8;9;9;21;24;20;22;8;15;3;2
17;12; ;10;16;26; ; ; ; ; ;3;2
 ; ; ;16;27;32;16;18;21; ; ;1;3
9;8;7;17; ;28;16;18;14;10;13;2;2
10;8;8;16; ;29;25;18;22;5;18;3;3
 ; ;15;9;11;18;19;13;15;18;15;3;3
12;9;8;18;22;34;24;22;20;5;17;3;2
8;7;8;14;15;27;17;18;14;9;16;1;3
 ; ; ; ; ; ; ; ; ; ; ;3;3
 ; ; ; ; ; ; ; ; ; ; ;2;2
 ; ; ; ; ; ; ; ; ; ; ;3;3
20;12;20;8;16;18;12;18;15;20;14;3;3
12;7;8;17;25;32;24;24;21;8;23;1;3
 ; ; ; ; ; ; ; ; ; ; ;3;2
 ; ; ; ; ; ; ; ; ; ; ;3;2
14;14;14;16;19;33;14;22;19;14;19;3;3
11;8;13;7;5;17;12;22;19;12;12;1;2
22;13;19;13;13;23;17;19;13;19;20;2;3
12;13;13;17;15;27; ;21;20;8;15;3;3
19;9;16;8;12;21;11;19;20;15;18;2;3
9;7;8;15;17;18;14;19;12;13;14;2;1
21;15;22;9;11;24;17;21;18;12;21;1;1
16;13;13;16;14;29;15;23;17;7;21;1;2
10;8;11;16;21;31;16;16;19;12;12;1;2
14;14;14;11;14;27; ; ; ; ; ;3;1
11;8;9;17;29;32;15;25;24;12;15;2;3
14;10;14;13;6;17;12;14;17;10;17;3;3
15;7;11;14;23;29;18;20; ;12;14;1;2
10;8;8;16;22;29;18;16;13;8;12;1;2
12;8;7;14;5;29;22;19;16;7;12;2;3
18;16;28;6;5;9;5;16;8;20;13;1;1
 ; ; ; ; ; ; ; ; ; ; ;2;1
8;7;8;17;17;32;11; ;23;7;21;3;3
14;14;12;16;17;31;20;21;19;14;22;3;2
11;9;8;14;16;28; ; ; ; ; ;2;3
12;7;8;14;22;35;21;21;24;16;19;3;2
 ; ; ; ; ; ; ; ; ; ; ;1;1
22;19;20; ;8;20; ; ; ; ; ;1;1
14;10;11;13;17;27;14;18;19;13;15;1;2
14;12;12;15;23;27;14;18;21;9;21;1; 
12;8;12;15;8;19;17;15;22;12;13;2;3
11;9;8;17;22;34;21;25;21;12;17;1; 
14;9;21;9;9;15;18;16;15;20;9;3;1
 ; ; ; ; ; ; ; ; ; ; ;3;3
9;13;9;16;28;35;24;22;18;13;11;3;3
7;10;7;15;17;29;25;25;25;9;15;3;3
17;9;9;15;28;34;25;23;18;7;18;3;3
14;8;12;6;6;23;10;16;22;14;19;1;3
11;7;8;16;17;29;16;23;20;7;13;3;2
 ;23; ;9;8;15; ; ; ; ; ;3;3
 ; ; ; ; ; ; ; ; ; ; ;2;2
 ; ; ; ; ; ; ; ; ; ; ;2;1
14;11;10;15;25;29;14;20;19;12;12;2;3
 ; ; ; ; ; ; ; ; ; ; ;1;2
16;9;11;14;16;29;20;16;13;10;16;1;3
10;9;9;16;21;34;16;20;23;6;13;3;2
8;11;14;16;18;26;16;20;19;17;12;2;1
19;11;18;9;10;16;24;18;19;20; ;2;3
8;10;11;12;19;29;12;17;21;10;17;1;1
10;10;9;8;7;12;19;22;20;12;19;2;2
13;9;10;18;27;32;21; ; ; ; ;2; 
 ; ; ; ; ; ; ; ; ; ; ;1;3
 ; ; ; ; ; ; ; ; ; ; ;1; 
13;8;9;16;29;33;16;25;24;9;25;3;2
12;10;23;6;10;14;21;17;11;16;16;1;2
20;18;27;4;6;8;10;12;12;25;5;1; 
17;12;24;6;10;14;6;14;16;19;22;1;1
15;13;13;15;13;22;17;19;18;13;23;1;1
 ; ; ; ; ; ; ; ; ; ; ;2;2
13;9;11;17;13;26; ; ; ; ; ;2;3
 ; ; ; ; ; ; ; ; ; ; ;1;1
14;11;14;15;15;32;15;20;25;11;24;2;3
16;15; ; ; ;24; ; ; ; ; ;3;1
 ; ; ;15;19;26; ; ; ; ; ;1;1
18;14;13;16;22;36;21;25;25;13;21;1;3
22;20;23;6;7;21; ; ; ; ; ;1;3
15;14;14;15;17;21;14;20;20;13;15;1;2
 ; ; ; ; ; ; ; ; ; ; ;1;3
7;7;7;3;5;6; ; ; ; ; ;1;2
 ; ; ; ; ; ; ; ; ; ; ;1;1
12;8;11;15;24;31; ;22;22;8; ;1;1
13;14;11;18;25;30;21;25;25; ;19;2;3
12;10;13;10; ; ;22;12;14;9;13;3;2
20; ;22;9;7;23;15;22;20;19;16;3;3
10;8;14;14;6;21;16;16;22;7;14;2;2
16;7;10;16;16; ;18;20;20;11;19;2;1
 ; ; ; ; ; ; ; ; ; ; ;2;2
16;15; ;12;6;20; ; ; ; ; ;1;3
 ; ; ; ; ; ; ; ; ; ; ;2;3
13;14;14;12;17;13;16;16;13;15;13;3;2
17;11;10;15;19;31; ; ; ; ; ;1;3
17;13;12;15;16;28;9;17;19;17;19;1;2
 ; ; ; ; ; ; ; ; ; ; ;2;3
 ; ; ; ; ; ; ; ; ; ; ;1;3
16;11;10;14;16;25;19;21;21;18;20;1;3
12;7;12;15;20;24;15;22;21;7;15;2;3
12;10;15;11;13;24; ; ; ; ; ;1;3
19;13;18;9;5;23;14;16;15;21;19;1;1
10;8;9;15;23;32;18;21;24;12;14;2;3
20;7;14;11;12;17;5;16;15;13;8;3;2
12;7;9;16;20;28;18;18;21;9;14;3;3
 ; ; ; ; ; ; ; ; ; ; ;1; 
18;9;17;11;13;26;10;22;17;14;14;2;1
 ; ; ; ; ; ; ; ; ; ; ;2;2
11;7;9;15;12;31;19;15;22;8;16;3;2
14;12;8;16;14;23;14;14;16;11;17;2;1
 ; ; ; ; ; ; ; ; ; ; ;3;3
16;11;13;14;15;27;19;18;19;15;17;3;3
14;9;14;15;15;30;11;24;19;13;17;2;2
 ; ; ; ; ; ; ; ; ; ; ;1;3
 ; ; ; ; ; ; ; ; ; ; ;1;3
11;7;13;11;24;22;19;17;18;18;16;1;3
11;7;10;13;14;29;14;16; ;9;14;1;3
 ; ; ; ; ; ; ; ; ; ; ;2;3
9;8;9;15;13;30;21;20;12;5;17;1;1
14;8;15;12;13;15;15;19;18;15;18;3;1
 ;13;17;9;7;18;11;14;16;19; ;1;2
17;11;16;14;14;23;12;20;19;15;17;3;1
13;7;12;13;27;33;24;23;24;9;15;2;1
9;10;8;16;23;34;16;23;25;10;16;2;3
17;16;15;14;13;20;14;25;23;14;7;3;3
21;18;17;11;12;20;24;20;21;23;10;3;1
25;9;17;9;10;20;18;15;15;15;12;2;3
18;9;13;12;14;22;16;18;23;15;13;2;1
 ; ; ; ; ; ; ; ; ; ; ;3;1
10;7;8;15; ;27; ;25;23;10;9;2;3
12;9;10;16;25;33;13;19;22;12;15;2;1
 ; ; ; ; ; ; ; ; ; ; ;3;3
13;7;12;16;8;31; ; ; ; ; ;1; 
24;17;9;12;16;30;21;20;24;13;7;2;1
8;9;8;12;13;22;17;23;25;12;13;3;2
13;8;9;17;16;28;17;24;24;5;12;3;2
11;8;14;10;11;22;20;21;23;13;19;3;3
13;13;11;15;17;30;14;21;22;10;19;1;1
 ; ; ; ; ; ; ; ; ; ; ;2;3
15;15;15;12;11;24;15;18;17;13;16;3;2
10;7;19;11;11;22;13;21;18;17;10;3;1
 ; ; ; ; ; ; ; ; ; ; ;3;3
19;16;18;12;17;26;20;17;17;18;15;1;1
 ; ; ; ; ; ; ; ; ; ; ;1;1
13;8;12;14;21;33;16;25;25;16;12;3;3
12;10;14;12;6;10;15;17;21;16;8;2;1
16;12;10;15;22;35;15;21;25;11;12;1;1
18; ;10; ;21;35;22;21;21;15;10;1;3
9;7;15;12;17;23;17;25;20;15;12;2;1
12;8;11;9;23;31;13;25;25;15;14;1;1
11;8;12;15;14;29;16;15;21;9;15;2;1
16;13; ;15;19; ;24;18;23;11;20;3;3
12;9;7; ;23;35;20;19;23;11;18;2;3
 ; ; ; ; ; ; ; ; ; ; ;3;3
16;14;9;16;13;26;19;18;23;11;20;3;3
15;11;14;15;23;32;21;21;21;18;14;2;3
17;10;10;16;18;34;21;21;22;12;22;3;3
14;15;12;14;18;24;25;20;18;12;13;2;3
9;9;9;15;14;31;21;20;24;5;14;3;3
11;8;8;18;24;33;22;23;24;9;19;3;3
10;11;9;15;20;33; ; ; ; ; ;1;3
 ; ; ; ; ; ; ; ; ; ; ;3;3
10;7;8;17;21;33;12;20;25;10;21;3;3
19;10;14;14;8;33;17;14;19;16; ;1;2
7;7;7;16;27;36;25;24;22;6;17;2;3
13;7;10;15;25;30; ; ; ; ; ;3;3
12;8;7;16;17;27;22; ; ;8;14;3;3
10;7;7;18;21;36;25;22;25;12;18;1;1
14;10;18;6;8;20;17;15;17;19;14;3;2
12;16;25;6;11;16; ; ; ; ; ;2;3
9;7;8;15;21;33;16;17;21;9;11;2;1
11;7;8;11;14;23;19;19;19;10;10;3;3
11;8;12;14;24;33;11;24;22;12;8;3;3
23;15;12;15;19;31;25;23;25;15;21;2;3
7;10;8;17;23;31;17;25;22;6;10;1;1
22;15;14;15; ;25;15;18;18;17;16;2;1
7;9;8;15;11;17;17;20;17;7;11;1;3
24;25;14;12;17;31;8;23;21;19;18;1;3
17;10; ;11;5;24;5;15;22;20;14;2;3
13;8;10;16;11;25;13;20;17;20;13;3;3
10;8;7;14;20;30;20;19;25;13;14;1;3
 ; ; ; ; ; ; ; ; ; ; ;2;3
13;10;21;13;7;25;13;22;23;19;14;2;1
13;9;8;16;25;34;17;25;21;11;21;2;3
9;7;7;13;19;30;17;17;21;11;13;3;3
28;28;25;4; ;27; ; ; ; ; ;1;2
13;8;12; ;19;34; ; ; ; ; ;2;2
 ;9;16;11;16;24;22;15;21;17;18;1;3
22;19;18;7;7;12;16;17;19;14;13;1;1
14;7;7;16;23;36;25;20;25;9;22;3;3
16;7;11;14;22;29;25;18;21;12;20;2;2
14;7;9;17; ; ;17;20;19;12;17;3;3
16;17;15;11;15;19;19;10;17;14;7;2;2
 ;7; ;16;25;34;20;18;23;11;10;2;3
15;7;11;14;15;27;21;19;20;19;10;3;2
11;9;11;14;22;32; ; ; ; ; ;3;3
11;7;7;16;25;33;17;25;24;14;24;3;3
11;9;11;13;19;24;18;22;25;5;17;3;3
 ; ; ; ; ; ; ; ; ; ; ;3;1
9;7;8;17;16;29;17; ; ;9;12;3;3
14;10;9;17;23;30;13;21; ;12;13;3;2
 ; ; ; ; ; ; ; ; ; ; ;2;2
12;10;11;13;22;31;20;24;22;10;17;2;2
7;7;7;18;22;31;19;25;25;5;19;3;3
28;19;15;14;8;28;19;22;23;18;8;3;3
23;14;18;12;12;18;14;23; ;21;18;3;3
17;12;14;15;24;26;11;25;25;19;12;3; 
 ; ; ; ; ; ; ; ; ; ; ;3;3
15;10;12; ;13;32;25;17;23;14; ;3;2
20;13;9;16;18;21;22; ;18;10;11;1;3
11;9;10;16;24;30;22;25;25;12;10;3;2
 ; ; ; ; ; ; ; ; ; ; ;3;2
12;11;16;12;13;25;16;19;17;14;14;3;2
 ; ; ; ; ; ; ; ; ; ; ;2;2
12; ;10; ;28;35;13;25;23;14;17;2;3
13;9;13;15;19;34;17;21; ;18;10;3;2
 ; ; ; ; ; ; ; ; ; ; ;2;3
13;10;10;12;16;30;17;24;20;12;14;3;2
 ; ; ; ; ; ; ; ; ; ; ;1;2
9;7;10;17;12;27;12;22;23;8;13;3;2
12;7;7;16;23;29;18;19;20;16;13;3;2
19;12;10;15;20;33;16;22;23;12;11;3;3
15;8;11;15;15;32;19;20;25;10;15;3;2
11;7;7;15; ;31;20;20;23;10;18;2;1
14;8;9;15;15;27;23;21;19;12;15;2;1
18;9;10;14;12;26;16;19;19;14;14;3;3
19;9;12;15;22;29;18;16;19;15;13;3;2
16;10;13;16;21;28;19;23;25;14;11;3;3
12;8;10;10;17;36;10;24;22;16;19;3;2
 ; ; ; ; ; ; ; ; ; ; ;2;3
18;20;14;13;17;21;11;21;17;17;16;2;3
22;13;21;10;11;16;12;20;19;16;15;1;1
14;12;11;16;23;32;17;24;24;17;21;1;2
19;11;11;11;11;27;18;12;8;10;17;1;1
16;7;14;12;8;23;17;21;18;16;14;2; 
25;18;27;5;6;11; ; ; ; ; ;2;3
 ; ; ; ; ; ; ; ; ; ; ;3;3
17;9;12;12;16;30;19;17;21;13;14;3;1
 ; ; ; ; ; ; ; ; ; ; ;2;3
14;8;10;14;19;27;14;21;21;14; ;3;2
21;19;22; ;10;17;11;13;21;16;13;3;2
20;9;13;11;13;21;20;17;15;16;17;3;3
 ; ; ; ; ; ; ; ; ; ; ;2;2
13;9;9;16;17;33;19;18;24;10;20;2;2
10;9;8;16;25;31;15;23;24;9;8;3;3
18;15;20;12;9;17;11;14;14;21;8;3;3
8;7;7;17;23;36;22;25; ;5;23;3;3
14;10;12;15;22;28;15;20;22;10;15;2;2
13;8;14;12;12;22;17;16;22;13;12;3;3
14;12;10;17; ;35;25;25;25;5;17;2; 
11;8;8;16;23;27;16;20;17;12;18;1;3
9;8;9;16;7;17;10;22;22;13;11;3;2
10;9;8;14;20;31;19;19;22;11; ;3;1
15;13;14; ;20;30;18;22;22;15;14;3;3
 ; ; ; ; ; ; ; ; ; ; ;2;2
14;11;13;14;24;28;14;17;19;12;16;3;2
13;7;11;14;24;31;24;18;18;8;10;3;2
8;7;7;16;25; ;21;20;24;11;17;3;2
25;17;15;13;20;25;16;22;17;21;14;3;1
13;11;8;15;20;25;12;21;23;13;8;3;3
13;8;13;15;16;26;22;18;19;17;12;1;1
15;14;11;13;15;29;9;24;25;12;14;1;1
15;9;13;14;19;21;18;16;16;19;13;1;1
8;7;7;16;24;31; ; ; ; ; ;2; 
9;7;8;10;16;31;17;23;24;15;17;3;3
24;16;14;14; ; ;21;18;13;14;18;1;2
14;12;9;18;27;32;17;23;25;7;18;3;2
12;9;8;16;26;33;24;21;25;7;15;3;2
16;10;10;14;18;24;15;14;19;10;12;3;3
16;10;13;13;18;21;20;20;14;12;17;1;1
18;18;15;13;11;27;15;18;25;14;15;3;2
11;8;9;16;22;33;18;21;23;8;17;1;1
16;17;16;10;21;21;21;24;13;19;9;2;3
11;7;12;13;12;20;8;17;20;16;11;3;3
18;14;18;13;14;13;14;21;25;14;15;2;2
13;9;9;14;16;25;16;19;22;9;10;3;3
9;7;7;17;23;32;20; ; ;10;24;2;3
10;8;9;18;19;33;22;21;21;6;14;3;1
 ; ; ; ; ; ; ; ; ; ; ;2;2
8;8;7;18;26;36;22;23;22;5;16;3;3
 ; ; ; ; ; ; ; ; ; ; ;2;2
13;7;11;16;23;30;14;25;25;13;18;3;3
11;8;8;18;28;36;14;23;24;11;12;3;3
13;10;9;15;13;32;12;20;19;15;14;2;1
8;8;8;17;23;33;18;25;25;9;21;3;2
9;7;9;17;24; ; ; ; ; ; ;3;2
13;7;8;14;10;30;16;19;25;15;16;2;3
9;8;12;13;23;27;16;20;23;10;9;3;2
13;7;8;16;16;35;24;20;22;9;16;3;3
17;11;16;13;16;20;19;17;21;17;12;3;3
19;13;23;5;9;13;18;17;14;17; ;1;2
10;8;10;16;23;34;14;25;24;18;19;1; 
 ;16;14;12; ;22;20;21;19;16;14;1;2
14;10;12;16;10;23;19;20;23;14;13;2;2
13;8;15;12;17;17;12;23;18;19;19;3;2
14;10;12;16;14;27;16;20;19;16;9;2;2
11;9;17;10;6;12;21;13;13;15;8;2;2
12;8;26;12;16; ;5;25;20;17;5;2;2
13;11;9; ;14;24;8;23;19;11;16;2;2
11;8;9;13;15;22;15;18;19;11;13;2;2
13;8;8;16;21;30;21;19;19;11;18;3;2
14; ;17;6;8;13;13;12;16;24;10;2;3
7;8;7;15;16;24;22;21;24;11;16;3;2
13;10;14;12;19;34;24;25;24;12;20;3;2
16;11;12;15;21;29;7;19;21;14;14;3;2
7;7;7;18; ;36; ;25;25;5;22;1;3
7;7;7;15;20; ;19;20;23;7;15;3;2
15;11;9;18;18;31;25;21;25;7;11;3;3
15;15;16;14;24;28;20;23;24;11;13;2;2
 ; ; ; ; ; ; ; ; ; ; ;1;3
14;8;12;14;16;31;19;20;21;11;22;3;3
8;7;7;18;30;33; ; ; ; ; ;2;2
14;14;13;15;12;32;13;18;21;16;12;2;2
23;22;24;12;20;24;5; ;25; ;11;3;2
18;14;16;14;19;19;8;21;18;19;10;3;3
15;8;10;15;12;32;21;16;25;13;13;3;2
19;14;12;11;24;32;13;20;24;13;11;1;3
9;10;11; ;21;30;16;7;7;19;13;3;3
 ; ; ; ; ; ; ; ; ; ; ;3;2
7;7;8;18;27;36;23;25;25;5;23;3;2
14;7;14;12;12;21;19;15;22;15;13;3;3
14;11;10;14;24;31;14;17;23;7;16;3;3
10;7;7;17;23;31;21;24;24;6;19;3;2
13;7;12;16;13;31;21;21;23;9;19;3;2
7;7;7;17;30;35;15;16;20;16;8;3;2
13;8;9;15;19;30; ; ; ; ; ;3;2
 ;7;8;13;14;23;20;17;20;9;20;3;2
11;11;10;15;14;33;14; ;25;6;9;3;3
14;9;12;16;19;25;19;20;19;10;12;3;2
14;11; ;15;17;32; ;19; ;8;18;3;2
8;9;8;17;23;33;25;23;21;7; ;3;2
9;7;7;15;19;30;20;22;24;10;15;3;2
 ; ; ; ; ; ; ; ; ; ; ;3;2
9;7;9;14;23;32;16;21;23;13;15;3;2
8;8;8;16;25;34;13;24;21;13;17;3;2
12;9; ;16;27;36;25;21;23;5;18;1;2
8;8;7;15;23;29;12;20;19; ;14;3;2
12;11;13;10;9;13;15;18;21;8;9;3;2
14;10;11;14;20;31;21;16;18;12;8;1;2
15;8;7;17;14;31;19;15;20;8;14;3;2
10;9;14; ;13;22;17;18;16;9;12;3;2
11;10;11;9;17;26; ; ; ; ; ;1;2
20;16;14;15;19;21; ; ; ; ; ;3;2
13;12; ;6;12;33; ;18;19;10; ;3;2
17;13;7;18;18;33;18;21;23;12;22;3;3
10;7;8;15;13;33;20;21;22;5;9;2;2
16;11;9;15;27;34;23;24;25; ;19;3;3
10;7; ;13;11;15;17;22; ;20;10;3;2
12;8;15;7;10;18;17;17;21;18;12;3;2
 ; ; ; ; ; ; ; ; ; ; ;3;3
14;10;13;16;22;30; ; ; ; ; ;3;2
15;16;16;12;18;18;15;22;22;15;13;3;2
 ; ; ; ; ; ; ; ; ; ; ;3;2
 ; ; ; ; ; ; ; ; ; ; ;2;2
11;7;10;15;17;31;23;19;20;9;20;3;3
 ; ; ; ; ; ; ; ; ; ; ;2;2
17;10;10;16;26;36;25;25;25;12;21;3;2
13;8;10;16;13;30;13;22;22;11;13;2;2
14;9;10;10;11;22;16;17;20;16;8;2;2
14;14;14;16;19;30;13;20; ;12;14;3;3
9;9;7;18;24;31;17;21;22;6;17;2;3
15;14; ; ;17;29;18;20;18;10;13;3;3
16;12; ;9;10;25;12;13;18;21;21;3;2
13;7;12;13;16;21;17;21;21;17;10;3;2
13;12;12;16;26;35; ;23;23; ;18;3;2
7;7;7;16; ;33; ; ; ; ; ;3;2
16;7;9;11;18;27;17;17;25;13;16;3;2
14;10; ;15;14;27;21;15;19;10;17;2;3
 ;17;22;14;24; ;18;19;22;21;17;3;3
 ; ; ; ; ; ; ; ; ; ; ;3;2
14;10;10;15; ;31;24;21;25;16;11;3;3
13;8;8;15;14;26;20;16;23;8;19;2;3
 ;7;8; ;14;27;15;16; ;13;13;3;2
19;8;12;13;15;26;12;19;23;18;10;3;2
 ; ; ; ; ; ; ; ; ; ; ;3;3
13;12;10;17;27;32;10;21;24;19;17;2;3
13;8;10;15;21;31;21;23;23;14;13;3;3
23;19;28;4;7;12;14;15;20; ; ;3;3
15;10;10;15;18;30;20;15;25;10;12;3;3
 ; ; ; ; ; ; ; ; ; ; ;3;2
18;9;12;14;9;28;16;23;25;12;8;1;3
7;9;9;16;17;27;19;22;19; ;19;1;3
11;7;14;12;13;26;17;16;18;12;14;3;3
21;21;16;12;11;16;19;18;17;24;6;3;2
11;8;7;18;24;35;24;20;23;6;22;3;2
10;7;9;14;20;24;8;21;22;12;11;3;2
9;7;11;15;24;30;22;24;24;14;23;3;3
18;11;16;10;17;23;21;19;14;16;9;2;2
13;8;11;16;24;31;20;18;19;11;17;1;3
14;14;15;15;22;24; ; ; ; ; ;1;3
14;11;10;17;24;32;15;23;25;14;20;3;2
14;9;14;14;20;27;16;18;20;12;15;3;3
16;9;9; ;14;30;23;24; ;16;10;1;2
14;10;10;17;18;28;23;18;16;12;21;3;3
 ; ; ; ; ; ; ; ; ; ; ;1;2
 ;15;13;10;16;25;15;23;24;17;21;1;3
20;12;14;11;16;22;15;19;19;15;15;3;3
10;7; ; ;23;33;25;25;25;5;22;2;3
11;8;10;17;17;29; ; ; ; ; ;1;3
14;13;16;15;21;30;16;20;20;12;13;3;2
12;8;8;17;9;29;24;19;19;14;22;1;2
11;8;8;17;27;36;17;24;24;8;21;3;3
13;10;8;15;17;24;17;20;23;8;7;3;3
16;10;13;15;17;16;15;18;23;19;16;3;3
8;7;9;16;24;31;19;22;25;7;17;3;3
14;8;10;14;19;27;17;20;21;13;18;3;2
 ;9;11;16; ;35;21;21;19;14;21;3;3
15;15;16;14;22;24;12;20; ;14;12;3;2
8;7;8;15;20;30;17;25;20;7;15;3;3
13;7;10;16;23;34;20;24;24;9;15;3;2
13;11;10;17;19;29;17;13;20;14;16;3;3
17;10;14;14;20;29;18;19;18;16;15;3;2
15;14;9;15;25;28;9;22;22;18;10;3;3
9;8;9;16;23;32;21;18;15;11;13;3;2
16;11;13;12;16;26;20;22;18;15;20;3;2
 ;7;7;15;25;30;21; ;22;7; ;3;2
 ;10;12;15;24;31;20;25;23;7;18;3;2
12;8;10;16;14;31;15;15;15;10;15;3;1
18;18;22;8;17;22;12;18;20;20;17;2;2
22;11;20;8;11;27;22;20;25;25;20;1;2
10;13;10;17;25;35;24;25; ;7;17;2;2
18;13;15;15;17;29;16;15;21;14;14;2;3
 ; ; ; ; ; ; ; ; ; ; ;3;3
16;15;13;16;20;31; ;23;22;13;14;2;2
14;11;8;17;14;30; ; ; ; ; ;3;3
27;25;26;9;9;11;9;25;21;23;13;2;2
14;13;10;15;26;30;13;21;19;21;19;3;3
13;11;10;15;24;33;14; ;20;7;16;2;2
17;10;28;9;7; ;12;13;23;20;14;3;2
13;7;8;15;21;31;17;25;25;11;11;3;2
12;10;10;16;16;31;14;20;21;9;12;2;3
13;7;8;15;17;29;21;17;25;13;17;3;3
28;28;25;16;13;26;13;25;25;24;25;2;2
18;17;19;15;20;19;15;15;15;15;15;3;2
20;16;16;11;16;24;5;23;25;17;18;1;2
17;12;9;17;20;31;21;25;25;7;15;2;3
27;10;17; ;5;9;17;5;20;22;9;2;2
11; ;9;18;16;29;17;21;19;12;17;1; 
19;11;14;13;17;22;16;18;14;15;16;1;3
15;14;10;13;16;25;12;22;21;17;17;3;3
12;7;10;14;13;25;20;15;18;7;10;1;1
12;9;9;14;20;31;10;18;24;14;16;2;3
12;10;8;14;21;29;13;18;21;12;12;2;1
16;10;17;6;8;12;11;18;12;20;17;1;3
11;7;14;15;10;30;13;25;25;10;11;3;1
17;10;9;16;18;27;14;17;19;18;15;2;1
26;21;16;12;24;32;21;17;21;18;18;1;1
12;7;8;17; ;30;19;21; ;11;14;3;2
7;7;7;17;23;30;17;19;21;9;16;1;3
8;7;9;15;25;27;17;20;22;10;15;3;2
7;7;9;15;23;32;16;20;16;11;14;1;1
12;10;9;15;14;29;21;23;21;12;20;2;1
27;18;28;5;7;9; ; ; ; ; ;3;2
20;18;13;14;14;25;13;18;23;14;15;2;1
9;8;9;17;22;33;21;25;23;6;16;3;1
26;15;28;5;6;10;8;11;12;22;16;3;2
10;9;11;12;16;28;14;25; ;14;23;3;3
12;7;10;16;18;28;19;21;23;8;11;2;1
14;11;19;8;9;18;14;17; ;18;9;3;1
14;8;13;11;11;14;25;25;25;23;15;3;1
 ; ; ; ; ; ; ; ; ; ; ;2;3
10;7;9;16;19;34;25;21;23;8;15;3;3
11;9;8;16;22;32;19;21;24;10;16;2;1
 ; ; ; ; ; ; ; ; ; ; ;1;1
28;26;28;7;5; ;7;17;17;25;23;3;1
14;11;16;13;10;23;20;19;15;12;17;2;2
12;8;8;15;12;30;17;19;20;11;16;3; 
14;9;10;16;14;32;21;22;15;13;15;3;1
16;10;11;10;12;23;20;18;17;14;11;1;1
15;12;11;18;16;32;20;21;23;10;9;3;1
7;7;8;14;13;31;17;22;24;5;11;3;2
 ; ; ; ; ; ; ; ; ; ; ;3;3
20;12;9;15;19;34;17;21;23;17;19;2;3
14;8;15;13;10;21; ; ; ; ; ;2;1
11;13;10;16;25;34;15;17;25;14;13;1;3
 ; ; ; ; ; ; ; ; ; ; ;3;2
13;8;9;18;30;36;21;23;22;7;17;3;2
15;8;8;17;22;30;18;19;16;8;18;2;3
15;10;12;14;21;28;20;20;22;11;21;3;3
 ; ;13;14;17;29;12;17;18;15;20;3;3
12;7;8;15;25;35;21;20;23;6;17;2;2
12;9;8;16;25;31;21;24;25;15;16;1;3
 ; ; ;16;23; ; ; ; ; ; ;3;2
13;7;9;16;19;32;18;21;24;12;22;3;3
12;7;8;15;20;29;23;22;20;10;17;1;3
16;12; ;14;19;31; ; ; ; ; ;3;3
 ;12;15;16; ;32;22;23;16; ;19;2; 
13;7;9;10;10;30;19;20;16;9;10;2;3
13;9;10;18;23;33;18;24;22;7;18;3;3
18;7;10;16;17;30;23;21;20;11;13;3;2
 ; ; ; ; ; ; ; ; ; ; ;1;3
14;10;12;14;11;28;17;19;21;12;13;3; 
24;18;27;5;11;11;12;22;18;25;16;3;1
10;7;8;16;19;34;19;25;25;7;22;3;3
15;11;11;13;21;32;13;25;24;15;13;2;2
 ; ; ; ; ; ; ; ; ; ; ;3;3
8;8;7;17;20;31;8;22;24;16;12;3;1
10;10;10;15;24;30;16;22;25;10;17;3;3
10;10;15;12;19;28; ; ; ; ; ;2;3
11;9;10;14;16;25;18;20;20;12;17;3;3
21;17;17;13;9;17;9;11;19;18;16;3;3
 ;9;13;14; ;33; ;25;25;15;7;3;2
13;10;12;16;21;31;15;20;23;10;12;2;3
 ;8; ;13;12;27;17;13;16;11; ;3;3
27;25;25;16;13;20;14;14;20;19;16;1;3
 ;19;12;13;23;25;22;22;15;17;17;1;3
18;18;10;17;29;34;22;19;25;11;21;3;3
8;8;8; ;27;34;21;24;25;11; ;3;3
14;10;9;13;21;31;14;21;23;15;17;3;3
 ;12; ;10;12;16; ; ; ; ; ;2;3
24;11;17;11;15;19;10;15;21;22;14;1;3
26;27;27;9;10;16;17;11;12; ; ;3;1
17;16;22;12;8;16;6;23;13;17;20;2; 
13;8;10;14;21;33; ; ; ; ; ;1;1
22;15;12;10;17;29;25; ;20;11;17;2;3
10;9;11;15;13;32;19;20;22;13;17;1;3
11;9;11;14;8;22;21;15;19;14;8;2;3
12;15;7;17;27;36;21;16;25;12;15;2;3
11;7;12;15;21;26;14;17;20; ;11;2;3
14;10;12;16;26;33;25;25;24;8;24;2;2
14;14;14;15; ; ; ; ; ; ; ;2;3
14;8;12;16;29;32;18;19;23;13;22;2;3
11;7;7;17;19;33;18;21;21;12;19;3;3
 ;10; ;6;8;10;24;13;13;15;23;2;3
16;9;9;12;17;22; ; ; ; ; ;3;3
9;7;7;17;22;32;18;24;22;12;17;3;1
15;10;16;14;18;19;5;19;14;19;20;2;3
 ; ; ; ; ; ; ; ; ; ; ;2;1
12;7;10;17;19;31;24;23;20;9;20;2;3
10;12; ;14;22;33;24;25;25;5;18;3;2
17;8;10;16;21;30;21;20;23;11;8;1;2
16;13;18;6;8;12;9;19;18;22;15;3;3
12;11;14;15;10;15;11;9;16;18;13;1;1
12;8;9;15;9;25;16;19;16;12;13;1;1
15;18;12;15;12;26; ; ; ; ; ;2;1
13;10;14;16;20;32;23;24;23;11;23;3;3
 ; ; ; ; ; ; ; ; ; ; ;1;1
13;8;8;15;17;35;21;23;24;6;17;3;1
17;14;19;13;14;23;23;17;16;19;8;3;1
14;11;10;13;20;27;16;23;22;16;10;3;3
12;11;11;15;21;33;14;22;23;11;15;3;3
 ; ; ; ; ; ; ; ; ; ; ;3;3
15;13;15;12;14;17;9;14;16;23;11;1;3
15;7;10;18;19;31;21;19;21;9;15;3;2
19;15;17;13;23;22;19;24;16;17;17;2;2
8;8;8;16;23;30;19;20;24;11;19;3; 
24;18;15;15;19;26;22;20;24;17;16;3;2
12;10;12;15;14;26;19;22; ;11;16;3;3
 ; ; ; ; ; ; ; ; ; ; ;3;3
17;16;13;10;13;33; ;22;24;14;13;2;3
15;7;16;11;16;22;11;22;20;13;12;1;3
16;14;23;6;9;15;8;19;23;20;11;1;3
7;8;8;16;24;31;15;22;23;14;12;2;3
 ; ; ; ; ; ; ; ; ; ; ;1;3
18;14;19;9;6;11;13;19;17;17;12;1; 
11;9;7;15;10;29;11;23;22;10;15;2;2
19;15;20;12;17;26;22;15;22;11;14;1;3
21;16; ;7;12;12;14;19;17;19;14;1;3
14;12;10;16;15;30;12;18;20;11;11;1;1
17;19;21;10;7;20;11;16;15;14;11;2;3
 ; ; ; ; ; ; ; ; ; ; ;3;2
11;9;9;16;20;33;15;21;19;15;13;2;2
10;7;8;14;14;26; ; ; ; ; ;3;1
18;16;16;11;15;29; ; ; ; ; ;1;3
12;11;9;14;18;27;22;19;20;9;12;2;2
15;16;16;6;6;12; ; ; ; ; ;1; 
18;14;20;11;8;17;14;13;16;22;17;1;1
25;16;17;9;13;15;16;13;12;19;16;2;1
19;13;22;7;14;19;18;19;22;17;17;3;3
13;7;7;15;24;30;18; ;22;12; ;3;3
 ; ; ; ; ; ; ; ; ; ; ;3;3
17;8;10;13;13;14;24;15;20;12;13;2;3
 ; ; ; ; ; ; ; ; ; ; ;2;3
22;20;22;6;6;14;6;15;19;22;18;2;3
 ;8;13;17;26;34;17;23;21; ;12;3;2
22;20;21;14;15;27;12;25;25;13;8;3;2
17;10;14;18;21;32;23;22;21;9;15;3;3
14;7;10;14;15;32; ; ; ; ; ;2;2
13;12; ;16;22;33; ;24;20;7; ;2;3
14;9;10;17;20;33;12;17;21;17;17;2;3
23; ; ; ;16;29;11; ;18;21;16;1;2
 ; ; ; ; ; ; ; ; ; ; ;3;2
18;13;7;6;16;20;20;13;21;14;18;3;2
13;14;16;12;19;22;9;20;20;20;16;3;3
18;15;15;12;18;27;12;19;17;19;16;2;3
 ; ; ; ; ; ; ; ; ; ; ;2;2
14;14;7;18;30;36;13;20;20;12;16;2;3
