EXT;SOC;CON;NEU;ABE;SEX;TV
 ; ; ; ; ; ; 
 ; ; ; ; ; ; 
 ; ; ; ; ; ; 
 ; ; ; ; ; ; 
 ; ; ; ; ; ; 
 ; ; ; ; ; ; 
 ; ; ; ; ; ; 
 ; ; ; ; ; ; 
 ; ; ; ; ; ; 
 ; ; ; ; ; ; 
 ; ; ; ; ; ; 
 ; ; ; ; ; ; 
 ; ; ; ; ; ; 
 ; ; ; ; ; ; 
 ; ; ; ; ; ; 
 ; ; ; ; ; ; 
 ; ; ; ; ; ; 
 ; ; ; ; ; ; 
 ; ; ; ; ; ; 
 ; ; ; ; ; ; 
 ; ; ; ; ; ; 
 ; ; ; ; ; ; 
16;22;22;10;7; ;2
 ; ; ; ; ; ; 
 ; ; ; ; ; ; 
 ; ; ; ; ; ; 
 ; ; ; ; ; ; 
 ; ; ; ; ; ; 
 ; ; ; ; ; ; 
 ; ; ; ; ; ; 
 ; ; ; ; ; ; 
 ; ; ; ; ; ; 
 ; ; ; ; ; ; 
 ; ; ; ; ; ; 
 ; ; ; ; ; ; 
 ; ; ; ; ; ;2
 ; ; ; ; ; ;2
10; ;19;25;13; ;2
 ; ; ; ; ; ;2
 ; ; ; ; ; ; 
 ; ; ; ; ; ; 
 ; ; ; ; ; ; 
 ; ; ; ; ; ; 
 ; ; ; ; ; ; 
 ; ; ; ; ; ; 
20;13;19;11;18;1;2
 ; ; ; ; ;1;2
12;25;24;12;21;1;2
15;21;24;13;15;1;2
 ; ; ; ; ;1;2
 ; ; ; ; ;1;2
 ; ; ; ; ;1;1
15;17;19;15;11;1;1
16;16;20;15;18;1;2
 ;17;18;16;16;1;1
25;25;25;7;25;1;2
15;23;19;12;15;1;2
19;12;24;14;12;1;2
17;22;22;13;24;1;1
 ; ; ; ; ;1;2
22;24;24;7;15;1;2
16;20;20;8;8;1;2
 ; ; ; ; ;1;2
6;20;18;16;14;1;1
 ; ; ; ; ;1;2
18;17;19;10;22;1;1
20;23;19;10;18;1;2
15;20;20;14;16;1;2
 ; ; ; ; ;1;2
19;20;15;17;15;1;2
14;21;22;13;19;1;2
15;21;20;8;13;1;2
15;20;22;8;18;1;1
19;22;20;10;19;1;1
22;23;25;9;16;1;1
25; ; ;9;22;1;2
21;25;23;10;17;1;1
25;23;19;14;19;1;2
17;19;24;9;22;1;2
18;21;20;18;20;1;2
21;20;21;10;14;1;2
17;18;20;14;18;1;2
18;25;20;7;21;1;1
 ;21;23;9;20;1;2
14;18;19;11;12;1;2
24;21;14;13;12;1;2
25;25;25;13;25;1;2
 ; ; ; ; ;1;2
21;18;15;10;15;1;2
23;22;24;14;24;1;2
10;24;25;20;21;1;1
13;17;23;12;23;1;1
14;19;23;13;15;1;2
23;21;22;10;21;1;2
12;23;17;20;17;1;2
 ; ; ; ; ;1;2
19;20;21;7;13;1;2
22;20;19;6;18;1;2
19;19;17;16;12;1;1
14;18;20;14;21;1;2
14;19;21;19;14;1;1
20;23;20;10;14;1;1
17;24;24;18;16;1;2
24;20;22;8;15;1;2
 ; ; ; ; ;1;2
16;18;21; ; ;1;1
16;18;14;10;13;1;1
25;18;22;5;18;1;2
19;13;15;18;15;1;2
24;22;20;5;17;1;2
17;18;14;9;16;1;2
 ; ; ; ; ;1;2
 ; ; ; ; ;1;2
 ; ; ; ; ;1;2
12;18;15;20;14;1;2
24;24;21;8;23;1;1
 ; ; ; ; ;1;1
 ; ; ; ; ;1;2
14;22;19;14;19;1;1
12;22;19;12;12;1;2
17;19;13;19;20;1;2
 ;21;20;8;15;1;1
11;19;20;15;18;1;2
14;19;12;13;14;1;2
17;21;18;12;21;1;2
15;23;17;7;21;1;2
16;16;19;12;12;1;2
 ; ; ; ; ;1;2
15;25;24;12;15;1;1
12;14;17;10;17;1;2
18;20; ;12;14;1;2
18;16;13;8;12;1;2
22;19;16;7;12;1;2
5;16;8;20;13;1;2
 ; ; ; ; ;1;2
11; ;23;7;21;1;1
20;21;19;14;22;1;2
 ; ; ; ; ;1;2
21;21;24;16;19;1;1
 ; ; ; ; ;1;1
 ; ; ; ; ;1;2
14;18;19;13;15;1;2
14;18;21;9;21;1;2
17;15;22;12;13;1;1
21;25;21;12;17;1; 
18;16;15;20;9;1;2
 ; ; ; ; ;1;1
24;22;18;13;11;1;1
25;25;25;9;15;1;1
25;23;18;7;18;1;2
10;16;22;14;19;1;2
16;23;20;7;13;1;2
 ; ; ; ; ;1;2
 ; ; ; ; ;1;1
 ; ; ; ; ;1;2
14;20;19;12;12;1;2
 ; ; ; ; ;1;2
20;16;13;10;16;1;2
16;20;23;6;13;1;1
16;20;19;17;12;1;2
24;18;19;20; ;1;2
12;17;21;10;17;1;1
19;22;20;12;19;1;2
21; ; ; ; ;1;1
 ; ; ; ; ;1;1
 ; ; ; ; ;1;1
16;25;24;9;25;1;2
21;17;11;16;16;1;1
10;12;12;25;5;1;2
6;14;16;19;22;1;1
17;19;18;13;23;1;2
 ; ; ; ; ;1;2
 ; ; ; ; ;1;1
 ; ; ; ; ;1;2
15;20;25;11;24;1;1
 ; ; ; ; ;1;2
 ; ; ; ; ;1;2
21;25;25;13;21;1;2
 ; ; ; ; ;1; 
14;20;20;13;15;1;2
 ; ; ; ; ;1;1
 ; ; ; ; ;1;1
 ; ; ; ; ;1;2
 ;22;22;8; ;1;2
21;25;25; ;19;1;1
22;12;14;9;13;1;2
15;22;20;19;16;1;2
16;16;22;7;14;1;2
18;20;20;11;19;1;2
 ; ; ; ; ;1;2
 ; ; ; ; ;1;1
 ; ; ; ; ;1;2
16;16;13;15;13;1; 
 ; ; ; ; ;1;1
9;17;19;17;19;1;2
 ; ; ; ; ;1;2
 ; ; ; ; ;1;2
19;21;21;18;20;1;2
15;22;21;7;15;1;2
 ; ; ; ; ;1;1
14;16;15;21;19;1;2
18;21;24;12;14;1;1
5;16;15;13;8;1;2
18;18;21;9;14;1;1
 ; ; ; ; ;1;2
10;22;17;14;14;1;2
 ; ; ; ; ;1;2
19;15;22;8;16;1;2
14;14;16;11;17;1;2
 ; ; ; ; ;1;1
19;18;19;15;17;1;1
11;24;19;13;17;1;2
 ; ; ; ; ;1;2
 ; ; ; ; ;1;2
19;17;18;18;16;1;2
14;16; ;9;14;1;2
 ; ; ; ; ;1;2
21;20;12;5;17;1;1
15;19;18;15;18;1;2
11;14;16;19; ;1;2
12;20;19;15;17;2;2
24;23;24;9;15;2;2
16;23;25;10;16;2;1
14;25;23;14;7;2;1
24;20;21;23;10;2;2
18;15;15;15;12;2;2
16;18;23;15;13;2;2
 ; ; ; ; ;2;1
 ;25;23;10;9;2;2
13;19;22;12;15;2;2
 ; ; ; ; ;2;2
 ; ; ; ; ;2;1
21;20;24;13;7;2;1
17;23;25;12;13;2;2
17;24;24;5;12;2;2
20;21;23;13;19;2;2
14;21;22;10;19;2;2
 ; ; ; ; ;2;2
15;18;17;13;16;2;2
13;21;18;17;10;2;2
 ; ; ; ; ;2;2
20;17;17;18;15;2;1
 ; ; ; ; ;2;1
16;25;25;16;12;2;2
15;17;21;16;8;2;2
15;21;25;11;12;2;2
22;21;21;15;10;2;2
17;25;20;15;12;2;2
13;25;25;15;14;2;2
16;15;21;9;15;2;2
24;18;23;11;20;2;1
20;19;23;11;18;2;2
 ; ; ; ; ;2;2
19;18;23;11;20;2;2
21;21;21;18;14;2;1
21;21;22;12;22;2;2
25;20;18;12;13;2;2
21;20;24;5;14;2;2
22;23;24;9;19;2;2
 ; ; ; ; ;2;1
 ; ; ; ; ;2;2
12;20;25;10;21;2;2
17;14;19;16; ;2;2
25;24;22;6;17;2;1
 ; ; ; ; ;2;2
22; ; ;8;14;2;1
25;22;25;12;18;2;2
17;15;17;19;14;2;1
 ; ; ; ; ;2;2
16;17;21;9;11;2;2
19;19;19;10;10;2;2
11;24;22;12;8;2;2
25;23;25;15;21;2;2
17;25;22;6;10;2;1
15;18;18;17;16;2;2
17;20;17;7;11;2;2
8;23;21;19;18;2;2
5;15;22;20;14;2;2
13;20;17;20;13;2;2
20;19;25;13;14;2;2
 ; ; ; ; ;2;2
13;22;23;19;14;2;2
17;25;21;11;21;2;1
17;17;21;11;13;2;2
 ; ; ; ; ;2;2
 ; ; ; ; ;2;1
22;15;21;17;18;2;1
16;17;19;14;13;2;2
25;20;25;9;22;2;1
25;18;21;12;20;2;1
17;20;19;12;17;2;1
19;10;17;14;7;2;2
20;18;23;11;10;2;2
21;19;20;19;10;2;2
 ; ; ; ; ;2;2
17;25;24;14;24;2;2
18;22;25;5;17;2;2
 ; ; ; ; ;2;2
17; ; ;9;12;2;2
13;21; ;12;13;2;2
 ; ; ; ; ;2;2
20;24;22;10;17;2;2
19;25;25;5;19;2;1
19;22;23;18;8;2;2
14;23; ;21;18;2;1
11;25;25;19;12;2;2
 ; ; ; ; ;2;1
25;17;23;14; ;2;1
22; ;18;10;11;2;1
22;25;25;12;10;2;2
 ; ; ; ; ;2;1
16;19;17;14;14;2;2
 ; ; ; ; ;2;2
13;25;23;14;17;2;1
17;21; ;18;10;2;2
 ; ; ; ; ;2;2
17;24;20;12;14;2;2
 ; ; ; ; ;2;1
12;22;23;8;13;2;2
18;19;20;16;13;2;2
16;22;23;12;11;2;2
19;20;25;10;15;2;2
20;20;23;10;18;2;2
23;21;19;12;15;2;2
16;19;19;14;14;2;2
18;16;19;15;13;2;2
19;23;25;14;11;2;2
10;24;22;16;19;2;2
 ; ; ; ; ;2;2
11;21;17;17;16;2;1
12;20;19;16;15;2;2
17;24;24;17;21;2;1
18;12;8;10;17;2;2
17;21;18;16;14;2;2
 ; ; ; ; ;2;1
 ; ; ; ; ;2;2
19;17;21;13;14;2;1
 ; ; ; ; ;2;2
14;21;21;14; ;2;2
11;13;21;16;13;2;1
20;17;15;16;17;2;2
 ; ; ; ; ;2;2
19;18;24;10;20;2;2
15;23;24;9;8;2;2
11;14;14;21;8;2;2
22;25; ;5;23;2;2
15;20;22;10;15;2;2
17;16;22;13;12;2;2
25;25;25;5;17;2;2
16;20;17;12;18;2;1
10;22;22;13;11;2;2
19;19;22;11; ;2;2
18;22;22;15;14;2;2
 ; ; ; ; ;2;2
14;17;19;12;16;2;2
24;18;18;8;10;2;2
21;20;24;11;17;2;1
16;22;17;21;14;2;2
12;21;23;13;8;2;1
22;18;19;17;12;2;2
9;24;25;12;14;2;2
18;16;16;19;13;2;2
 ; ; ; ; ;2;2
17;23;24;15;17;2;2
21;18;13;14;18;2;2
17;23;25;7;18;2;1
24;21;25;7;15;2;1
15;14;19;10;12;2;2
20;20;14;12;17;2;1
15;18;25;14;15;2;2
18;21;23;8;17;2;2
21;24;13;19;9;2;2
8;17;20;16;11;2;2
14;21;25;14;15;2;2
16;19;22;9;10;2;1
20; ; ;10;24;2;2
22;21;21;6;14;2;1
 ; ; ; ; ;2;2
22;23;22;5;16;2;2
 ; ; ; ; ;2;2
14;25;25;13;18;2;2
14;23;24;11;12;2;2
12;20;19;15;14;2;2
18;25;25;9;21;2;2
 ; ; ; ; ;2;2
16;19;25;15;16;2;2
16;20;23;10;9;2;2
24;20;22;9;16;2;2
19;17;21;17;12;2;2
18;17;14;17; ;2;2
14;25;24;18;19;2;2
20;21;19;16;14;2;1
19;20;23;14;13;2;2
12;23;18;19;19;2;1
16;20;19;16;9;2;2
21;13;13;15;8;2;2
5;25;20;17;5;2;2
8;23;19;11;16;2;2
15;18;19;11;13;2;2
21;19;19;11;18;2;2
13;12;16;24;10;2;2
22;21;24;11;16;2;2
24;25;24;12;20;2;2
7;19;21;14;14;2;2
 ;25;25;5;22;2;2
19;20;23;7;15;2;2
25;21;25;7;11;2;2
20;23;24;11;13;2;2
 ; ; ; ; ;2;1
19;20;21;11;22;2;2
 ; ; ; ; ;2;2
13;18;21;16;12;2;2
5; ;25; ;11;2;2
8;21;18;19;10;2;2
21;16;25;13;13;2;2
13;20;24;13;11;2;2
16;7;7;19;13;2;2
 ; ; ; ; ;2;2
23;25;25;5;23;2;2
19;15;22;15;13;2;2
14;17;23;7;16;2;2
21;24;24;6;19;2;1
21;21;23;9;19;2;2
15;16;20;16;8;2;2
 ; ; ; ; ;2;2
20;17;20;9;20;2;1
14; ;25;6;9;2;2
19;20;19;10;12;2;1
 ;19; ;8;18;2;2
25;23;21;7; ;2;2
20;22;24;10;15;2;2
 ; ; ; ; ;2;2
16;21;23;13;15;2;2
13;24;21;13;17;2;1
25;21;23;5;18;2;1
12;20;19; ;14;2;1
15;18;21;8;9;2;2
21;16;18;12;8;2;2
19;15;20;8;14;2;1
17;18;16;9;12;2;2
 ; ; ; ; ;2;2
 ; ; ; ; ;2;2
 ;18;19;10; ;2;2
18;21;23;12;22;2;1
20;21;22;5;9;2;2
23;24;25; ;19;2;1
17;22; ;20;10;2;2
17;17;21;18;12;2;2
 ; ; ; ; ;2;1
 ; ; ; ; ;2;2
15;22;22;15;13;2;2
 ; ; ; ; ;2;2
 ; ; ; ; ;2;1
23;19;20;9;20;2;2
 ; ; ; ; ;2;2
25;25;25;12;21;2;1
13;22;22;11;13;2;1
16;17;20;16;8;2;2
13;20; ;12;14;2; 
17;21;22;6;17;2;2
18;20;18;10;13;2;2
12;13;18;21;21;2;2
17;21;21;17;10;2;2
 ;23;23; ;18;2;2
 ; ; ; ; ;2;2
17;17;25;13;16;2;2
21;15;19;10;17;2;2
18;19;22;21;17;2;2
 ; ; ; ; ;2;2
24;21;25;16;11;2;2
20;16;23;8;19;2;2
15;16; ;13;13;2;2
12;19;23;18;10;2;2
 ; ; ; ; ;2;2
10;21;24;19;17;2;1
21;23;23;14;13;2;2
14;15;20; ; ;2;2
20;15;25;10;12;2;2
 ; ; ; ; ;2;2
16;23;25;12;8;2;2
19;22;19; ;19;2;1
17;16;18;12;14;2;2
19;18;17;24;6;2;2
24;20;23;6;22;2;2
8;21;22;12;11;2;2
22;24;24;14;23;2;1
21;19;14;16;9;2;2
20;18;19;11;17;2;2
 ; ; ; ; ;2;2
15;23;25;14;20;2;1
16;18;20;12;15;2;2
23;24; ;16;10;2;2
23;18;16;12;21;2;1
 ; ; ; ; ;2;2
15;23;24;17;21;2;2
15;19;19;15;15;2; 
25;25;25;5;22;2;1
 ; ; ; ; ;2;2
16;20;20;12;13;2;2
24;19;19;14;22;2;2
17;24;24;8;21;2;1
17;20;23;8;7;2;2
15;18;23;19;16;2;1
19;22;25;7;17;2;1
17;20;21;13;18;2;2
21;21;19;14;21;2;1
12;20; ;14;12;2;1
17;25;20;7;15;2;1
20;24;24;9;15;2;2
17;13;20;14;16;2;1
18;19;18;16;15;2;1
9;22;22;18;10;2;2
21;18;15;11;13;2;2
20;22;18;15;20;2;2
21; ;22;7; ;2;2
20;25;23;7;18;2;1
15;15;15;10;15;2;2
12;18;20;20;17;2;2
22;20;25;25;20;2;1
24;25; ;7;17;2;1
16;15;21;14;14;2;1
 ; ; ; ; ;2;1
 ;23;22;13;14;2;2
 ; ; ; ; ;2;2
9;25;21;23;13;2;2
13;21;19;21;19;2;2
14; ;20;7;16;2;1
12;13;23;20;14;2;2
17;25;25;11;11;2;2
14;20;21;9;12;2;2
21;17;25;13;17;2;2
13;25;25;24;25;2;2
15;15;15;15;15;2;2
5;23;25;17;18;2;1
21;25;25;7;15;2;1
17;5;20;22;9;2;2
17;21;19;12;17;2;1
16;18;14;15;16;2;2
12;22;21;17;17;2;2
20;15;18;7;10;2;2
10;18;24;14;16;2;2
13;18;21;12;12;2;2
11;18;12;20;17;2;2
13;25;25;10;11;2;2
14;17;19;18;15;2;2
21;17;21;18;18;2;2
19;21; ;11;14;2;1
17;19;21;9;16;2;2
17;20;22;10;15;2;1
16;20;16;11;14;2;1
21;23;21;12;20;2;2
 ; ; ; ; ;2;2
13;18;23;14;15;2;2
21;25;23;6;16;2;2
8;11;12;22;16;2;2
14;25; ;14;23;2;1
19;21;23;8;11;2;2
14;17; ;18;9;2;2
25;25;25;23;15;2;2
 ; ; ; ; ;2;2
25;21;23;8;15;2;1
19;21;24;10;16;2;2
 ; ; ; ; ;2;2
7;17;17;25;23;2; 
20;19;15;12;17;2;2
17;19;20;11;16;2;2
21;22;15;13;15;2;2
20;18;17;14;11;2;2
20;21;23;10;9;2;2
17;22;24;5;11;2; 
 ; ; ; ; ;2;2
17;21;23;17;19;2;1
 ; ; ; ; ;2;2
15;17;25;14;13;2;2
 ; ; ; ; ;2;2
21;23;22;7;17;2;1
18;19;16;8;18;2;1
20;20;22;11;21;2;1
12;17;18;15;20;2;2
21;20;23;6;17;2;2
21;24;25;15;16;2;1
 ; ; ; ; ;2;2
18;21;24;12;22;2;2
23;22;20;10;17;2;2
 ; ; ; ; ;2;2
22;23;16; ;19;2;1
19;20;16;9;10;2;2
18;24;22;7;18;2;2
23;21;20;11;13;2;2
 ; ; ; ; ;2;2
17;19;21;12;13;2;1
12;22;18;25;16;2;1
19;25;25;7;22;2;2
13;25;24;15;13;2;1
 ; ; ; ; ;2;2
8;22;24;16;12;2;2
16;22;25;10;17;2;2
 ; ; ; ; ;2;2
18;20;20;12;17;2;2
9;11;19;18;16;2;2
 ;25;25;15;7;2;2
15;20;23;10;12;2;1
17;13;16;11; ;2;2
14;14;20;19;16;2;2
22;22;15;17;17;2;1
22;19;25;11;21;2;2
21;24;25;11; ;2;1
14;21;23;15;17;2;1
 ; ; ; ; ;2;1
10;15;21;22;14;2;2
17;11;12; ; ;2;2
6;23;13;17;20;2;2
 ; ; ; ; ;2;2
25; ;20;11;17;2;2
19;20;22;13;17;2;2
21;15;19;14;8;2;2
21;16;25;12;15;2;1
14;17;20; ;11;2;2
25;25;24;8;24;2;2
 ; ; ; ; ;2;2
18;19;23;13;22;2;2
18;21;21;12;19;2;1
24;13;13;15;23;2;2
 ; ; ; ; ;2;1
18;24;22;12;17;2;2
5;19;14;19;20;2;1
 ; ; ; ; ;2;2
24;23;20;9;20;2;2
24;25;25;5;18;2;2
21;20;23;11;8;2;2
9;19;18;22;15;2;2
11;9;16;18;13;2;2
16;19;16;12;13;2;2
 ; ; ; ; ;2;2
23;24;23;11;23;2;1
 ; ; ; ; ;2;2
21;23;24;6;17;2;2
23;17;16;19;8;2;2
16;23;22;16;10;2;1
14;22;23;11;15;2;1
 ; ; ; ; ;2;2
9;14;16;23;11;2;1
21;19;21;9;15;2;2
19;24;16;17;17;2;1
19;20;24;11;19;2;2
22;20;24;17;16;2;1
19;22; ;11;16;2;2
 ; ; ; ; ;2; 
 ;22;24;14;13;2; 
11;22;20;13;12;2;2
8;19;23;20;11;2;2
15;22;23;14;12;2;2
 ; ; ; ; ;2;1
13;19;17;17;12;2;1
11;23;22;10;15;2;2
22;15;22;11;14;2;2
14;19;17;19;14;2;2
12;18;20;11;11;2;2
11;16;15;14;11;2;2
 ; ; ; ; ;2;2
15;21;19;15;13;2;1
 ; ; ; ; ;2;2
 ; ; ; ; ;2;1
22;19;20;9;12;2;2
 ; ; ; ; ;2;2
14;13;16;22;17;2;2
16;13;12;19;16;2;2
18;19;22;17;17;2;2
18; ;22;12; ;2;2
 ; ; ; ; ;2;2
24;15;20;12;13;2;1
 ; ; ; ; ;2;1
6;15;19;22;18;2;2
17;23;21; ;12;2;1
12;25;25;13;8;2;2
23;22;21;9;15;2;2
 ; ; ; ; ;2;2
 ;24;20;7; ;2;1
12;17;21;17;17;2;2
11; ;18;21;16;2; 
 ; ; ; ; ;2;2
20;13;21;14;18;2;2
9;20;20;20;16;2;2
12;19;17;19;16;2;2
 ; ; ; ; ;2;2
13;20;20;12;16;2;1
