Sexo;Atividade;Cresc_pessoal;Prop_sent;BEE;BES;BEP
1;3;34;29;16;10;33
1;1;30;30;12;20;26
1;2;34;33;14;22;30
1;2;30;28;15;18;23
1;3;34;30;15;24;30
1;1;33;31;16;13;32
1;1;33;35;15;25;33
1;2;34;22;11;22;11
1;3;36;36;16;20;29
1;2;36;36;17;30;33
1;2;29;28;15;14;31
1;2;31;20;12;9;27
1;2;32;33;16;25;33
1;2;35;31;17;24;31
1;3;36;36;15;13;29
1;3;36;35;15;20;31
1;3;32;30;15;24;29
1;2;36;31;15;16;28
1;3;31;32;15;16;30
1;1;33;28;15;12;25
1;1;36;35;16;15;24
1;3;29;29;16;17;24
1;1;32;29;10;28;30
1;2;36;36;16;20;36
1;2;35;20;9;14;22
1;3;29;31;16;27;32
1;2;34;34;12;18;25
1;3;36;36;14;20;32
1;2;35;26;16;14;27
1;3;34;32;17;19;29
1;3;33;34;16;10;29
1;2;26;28;11;13;22
1;2;33;27;15;21;25
1;3;28;25;13;21;22
1;3;33;19;11;13;24
1;2;31;28;9;9;21
1;2;24;28;10;16;26
1;3;31;33;16;27;32
1;3;27;27;9;11;18
1;2;36;36;18;22;34
1;3;36;33;14;15;27
1;3;31;22;8;16;18
1;3;33;35;17;25;32
1;2;29;23;7;5;17
1;3;31;20;13;13;23
1;3;36;34;17;15;27
1;3;27;25;8;12;21
1;1;27;27;15;17;18
1;1;30;22;9;11;24
1;2;33;29;16;14;29
1;2;32;31;16;21;31
1;3;35;35;17;29;32
1;3;33;27;13;6;17
1;2;30;30;14;23;29
1;2;33;31;16;22;29
1;3;33;29;14;5;29
1;1;19;12;6;5;9
1;3;36;35;17;17;32
1;2;34;33;16;17;31
1;2;30;33;14;22;35
1;2;30;25;13;17;27
1;3;35;36;15;8;19
1;1;27;16;9;9;15
1;3;31;29;16;28;35
1;3;31;36;15;17;29
1;3;36;34;15;28;34
1;2;34;33;16;17;29
1;3;29;27;15;25;29
1;2;32;34;16;21;34
1;1;28;28;16;18;26
1;3;28;19;9;10;16
1;1;31;31;12;19;29
1;2;29;24;8;7;12
1;2;36;35;16;29;33
1;2;29;14;6;10;14
1;1;29;27;6;10;14
1;3;36;35;15;15;32
1;3;36;36;16;22;36
1;2;32;27;15;17;21
1;3;36;34;18;25;30
1;3;32;26;9;7;23
1;2;30;22;14;6;21
1;2;21;21;12;17;13
1;2;32;32;15;16;28
1;3;34;31;14;16;25
1;3;36;32;15;20;24
1;1;34;31;9;5;23
1;3;31;31;15;23;32
1;2;33;26;11;12;17
1;3;31;32;16;20;28
1;1;31;25;11;13;26
1;2;31;34;15;12;31
1;3;35;33;14;15;27
1;2;34;30;15;15;30
1;3;32;26;11;24;22
1;3;26;27;13;14;29
1;1;31;27;15;13;30
1;1;29;17;12;13;15
1;2;21;24;9;7;18
2;1;31;30;14;14;23
2;1;36;36;13;27;33
2;3;35;36;16;23;34
2;3;34;32;14;13;20
2;3;31;10;9;10;20
2;1;35;35;16;25;33
2;1;32;33;12;16;30
2;2;33;30;12;13;22
2;2;34;36;17;16;28
2;3;31;31;10;11;22
2;1;35;33;15;17;30
2;2;35;36;12;11;24
2;1;25;18;11;11;22
2;1;28;28;12;17;26
2;3;35;29;14;21;33
2;1;31;26;12;6;10
2;1;35;35;15;22;35
2;1;28;29;12;17;23
2;1;35;36;9;23;31
2;1;28;33;15;14;29
2;3;34;33;16;13;26
2;3;36;32;15;23;32
2;3;36;36;16;18;34
2;3;33;33;14;18;24
2;3;33;36;15;14;31
2;3;36;36;18;24;33
2;3;35;36;17;21;33
2;2;31;29;14;8;33
2;3;36;36;16;27;36
2;3;31;33;16;17;27
2;1;36;36;18;21;36
2;2;23;17;6;8;20
2;1;34;36;15;21;33
2;3;28;33;14;24;33
2;3;36;30;15;19;31
2;1;36;35;17;23;31
2;3;34;35;15;11;17
2;3;36;30;12;17;31
2;3;22;21;11;5;24
2;3;33;30;16;11;25
2;3;33;36;14;20;30
2;1;27;17;13;7;25
2;3;36;36;16;25;34
2;3;33;35;13;19;30
2;3;35;20;11;16;24
2;1;22;26;7;7;12
2;3;36;36;16;23;36
2;2;34;33;14;22;29
2;2;19;20;11;15;19
2;3;33;31;16;25;34
2;2;33;25;14;15;27
2;3;34;33;16;25;33
2;3;32;30;13;19;24
2;3;35;35;17;16;29
2;2;35;29;17;23;30
2;2;34;31;13;22;31
2;3;36;36;18;22;31
2;3;35;33;14;8;28
2;3;34;29;12;12;18
2;3;36;35;16;18;21
2;2;34;34;16;24;30
2;2;31;25;12;13;25
2;2;36;32;12;16;30
2;2;34;33;17;12;27
2;2;29;30;16;23;29
2;3;34;36;15;20;33
2;2;35;35;15;15;32
2;3;31;25;14;12;26
2;2;28;26;15;22;29
2;3;35;35;16;21;28
2;2;36;36;10;17;36
2;3;36;34;13;17;21
2;2;36;35;16;23;32
2;1;34;27;11;11;27
2;1;32;31;12;16;30
2;2;33;29;14;19;27
2;2;36;34;16;17;33
2;3;34;33;16;25;31
2;3;36;36;17;23;36
2;2;35;36;15;22;28
2;3;24;23;12;12;22
2;3;33;31;16;23;27
2;2;27;21;16;7;17
2;1;36;34;14;20;31
2;2;33;31;14;24;28
2;2;28;29;14;24;31
2;1;31;24;13;20;25
2;3;29;26;15;20;25
2;1;34;32;15;16;26
2;1;36;32;13;15;29
2;1;27;21;14;19;21
2;3;32;29;10;16;31
2;2;34;35;18;27;32
2;2;35;36;16;26;33
2;3;31;26;14;18;24
2;1;26;19;13;18;21
2;2;31;33;13;11;27
2;1;35;34;16;22;33
2;3;28;18;10;21;21
2;3;33;33;13;12;20
2;2;35;32;13;14;13
2;3;32;30;14;16;25
2;3;36;32;17;23;32
2;1;35;35;18;19;33
2;3;36;36;18;26;36
2;3;35;33;16;23;30
2;3;34;35;18;28;36
2;1;29;29;15;13;32
2;2;36;36;17;23;33
2;3;34;31;14;10;30
2;3;35;36;16;16;35
2;3;29;24;13;16;20
2;2;26;8;5;9;13
2;2;33;31;16;10;23
2;2;31;19;12;17;17
2;2;27;20;16;14;27
2;2;27;15;10;6;12
2;2;34;33;13;15;22
2;2;32;31;16;21;30
2;3;28;13;6;8;13
2;2;34;33;15;16;24
2;2;36;36;12;19;34
2;2;33;25;15;21;29
2;3;36;36;18;18;31
2;2;30;26;14;24;28
2;3;31;22;14;16;31
2;2;30;23;15;12;32
2;2;28;17;12;20;24
2;3;26;19;14;19;19
2;3;36;31;11;24;32
2;2;36;36;18;27;36
2;3;32;31;12;12;21
2;3;34;29;14;24;31
2;2;36;36;17;23;31
2;2;28;30;16;13;31
2;2;33;35;17;30;35
2;3;34;35;15;14;33
2;2;28;26;16;19;25
2;2;36;33;15;17;32
2;2;36;36;17;23;33
2;2;35;32;15;19;30
2;2;33;33;14;23;32
2;2;35;26;16;25;34
2;2;36;34;16;27;36
2;2;34;30;10;9;13
2;2;22;21;14;20;31
2;2;29;29;17;14;31
2;3;35;33;18;18;33
2;2;36;34;15;13;33
2;3;35;35;15;27;34
2;2;18;19;13;11;15
2;2;34;20;7;10;18
2;2;33;25;12;18;18
2;3;36;28;15;17;31
2;2;35;36;16;26;36
2;2;33;29;16;13;30
2;2;34;23;10;11;22
2;3;33;30;18;24;31
2;2;33;28;9;10;25
2;2;28;25;13;16;21
2;2;36;36;16;26;35
2;2;32;31;11;18;27
2;3;31;32;15;14;27
2;3;36;34;15;14;26
2;2;30;31;13;15;26
2;3;35;30;17;27;32
2;3;30;31;15;21;31
2;3;27;20;4;7;12
2;3;36;34;15;18;30
2;3;30;31;12;13;26
2;2;36;30;12;11;16
2;2;36;35;18;24;35
2;2;33;31;14;20;24
2;3;34;36;15;24;30
2;2;33;20;10;17;23
2;3;35;32;16;24;31
2;2;32;32;17;24;32
2;3;34;33;14;20;27
2;3;34;36;17;18;28
2;3;33;34;10;16;25
2;2;33;31;15;21;30
2;2;34;29;17;9;29
2;3;36;36;17;27;36
2;3;33;34;15;17;24
2;3;34;28;15;17;16
2;3;34;34;16;24;31
2;2;35;36;14;19;27
2;3;35;29;15;20;30
2;2;33;35;16;23;34
2;3;34;33;17;19;29
2;2;33;26;14;20;29
2;3;23;23;15;25;28
2;2;31;30;16;23;32
2;2;35;32;12;16;26
2;2;35;35;15;25;30
2;2;36;36;15;24;31
2;2;28;12;8;11;27
2;3;36;35;15;17;29
2;2;28;24;9;9;11
2;3;32;24;15;26;30
2;2;34;35;15;24;33
2;2;30;27;15;21;31
2;3;35;30;16;16;31
2;3;36;35;15;17;29
2;2;34;30;16;13;26
2;2;24;23;15;20;19
2;2;35;33;11;16;24
2;3;35;34;17;20;31
2;3;31;25;13;17;22
2;1;36;36;14;13;25
2;3;36;34;14;20;31
2;1;34;31;14;21;29
2;3;29;17;6;8;12
2;1;35;35;15;10;30
2;1;35;34;16;18;27
2;3;35;30;17;23;30
2;1;36;30;15;23;32
2;1;36;36;15;14;29
2;1;36;34;14;14;25
2;1;35;35;17;22;33
2;2;28;16;5;6;10
2;3;36;35;12;16;28
2;1;32;30;16;18;28
2;1;33;28;8;9;18
2;1;27;26;11;11;14
2;3;36;36;16;19;34
2;1;35;34;16;22;32
2;2;34;24;13;10;23
2;1;33;31;16;14;32
2;1;31;27;10;12;23
2;1;34;34;18;16;32
2;2;34;34;14;13;31
2;3;35;33;15;19;34
2;3;35;36;16;25;34
2;2;35;36;18;30;36
2;3;34;30;17;22;30
2;3;36;35;14;21;28
2;3;36;33;14;17;29
2;2;34;30;15;25;35
2;3;35;35;16;25;31
2;3;34;36;16;19;32
2;3;34;36;15;20;29
2;3;34;29;10;10;30
2;3;35;33;18;23;33
2;2;34;34;16;17;30
2;3;36;36;16;19;34
2;2;34;32;13;21;32
2;3;33;33;14;16;25
2;3;26;29;13;9;17
2;3;33;27;16;21;31
2;3;35;33;13;23;25
2;3;36;36;17;29;34
2;3;32;30;13;21;31
2;1;31;22;9;10;16
2;3;35;27;10;17;29
2;3;31;32;15;13;32
2;3;36;31;14;8;22
2;3;36;36;17;27;36
2;3;36;32;15;21;26
2;2;36;32;16;26;33
2;3;35;36;16;29;32
2;3;36;36;17;19;33
2;3;30;23;6;8;10
2;1;36;35;17;22;32
2;3;33;20;14;18;19
2;3;36;36;17;19;31
2;2;34;32;16;21;30
2;3;29;22;6;8;12
2;1;28;28;15;10;15
2;1;31;31;15;9;25
2;3;36;36;16;20;32
2;1;36;36;15;17;35
2;1;27;26;13;14;23
2;3;35;34;13;20;27
2;3;35;36;15;21;33
2;3;21;24;12;14;17
2;2;34;31;18;19;31
2;2;36;27;15;19;26
2;3;36;32;15;14;26
2;3;26;32;10;13;33
2;3;36;24;11;16;22
2;3;32;30;6;9;15
2;2;36;34;15;10;29
2;3;21;18;7;12;12
2;1;31;33;16;15;30
2;3;28;22;10;7;20
2;2;36;32;16;20;33
2;2;34;32;14;18;27
2;3;32;30;7;14;19
2;3;30;30;15;24;30
2;3;25;11;6;6;14
2;2;30;29;17;26;34
2;2;30;19;14;15;27
2;3;35;33;18;21;32
2;3;36;27;16;22;33
2;3;35;30;17;20;33
2;2;28;30;6;16;20
2;3;33;26;12;19;22
2;3;31;28;12;18;27
2;3;36;36;18;30;36
