Semestre;Idade;Créditos;Sexo;Moradia;Satisfação;Coceira;Acompanhamento;Dx_psi;Tipo_Dx_psi;Tipo_Dx_psi_2;Tipo_Dx_psi_3;Tempo;Dx_derm;Tipo_Dx_derma;Tipo_Dx_derma_2;Tempo_derma;Estresse;Exercício;Roer;Inseto;Cabelo;Feridas_unha;Feridas_aum;Suor_excessivo;Coceira_e;Item_1;Item_2;Item_3;Item_4;Item_5;Item_6;Item_7;Item_8;Item_9;Item_10;Total;Total_PD;Presença_derma;Indicação_Depre;Etapa
11,00;29,00;30,00;1,00;1,00;1,00;2,00;1,00;1,00;1,00;0,00;0,00;10,00;2,00;0,00;0,00;0,00;NA;1,00;0,00;0,00;0,00;0,00;0,00;0,00;0,00;0,00;0,00;1,00;1,00;2,00;0,00;1,00;0,00;0,00;0,00;5,00;0,00;0,00;0,00;3,00
11,00;22,00;30,00;1,00;2,00;1,00;2,00;2,00;2,00;0,00;0,00;0,00;0,00;2,00;0,00;0,00;0,00;NA;1,00;1,00;0,00;0,00;1,00;1,00;0,00;0,00;2,00;1,00;2,00;2,00;2,00;2,00;2,00;1,00;0,00;1,00;15,00;3,00;1,00;1,00;3,00
11,00;25,00;28,00;1,00;2,00;1,00;1,00;1,00;2,00;0,00;0,00;0,00;0,00;2,00;0,00;0,00;0,00;NA;1,00;0,00;0,00;0,00;1,00;0,00;1,00;1,00;3,00;3,00;3,00;3,00;3,00;2,00;3,00;0,00;0,00;2,00;22,00;3,00;1,00;1,00;3,00
11,00;24,00;28,00;1,00;1,00;1,00;2,00;2,00;2,00;0,00;0,00;0,00;0,00;2,00;0,00;0,00;0,00;NA;0,00;0,00;0,00;0,00;0,00;1,00;0,00;0,00;1,00;1,00;1,00;1,00;2,00;0,00;0,00;0,00;0,00;0,00;6,00;1,00;1,00;0,00;3,00
11,00;30,00;28,00;1,00;2,00;1,00;2,00;2,00;1,00;1,00;0,00;0,00;20,00;2,00;0,00;0,00;0,00;NA;1,00;0,00;0,00;0,00;0,00;0,00;0,00;0,00;0,00;0,00;0,00;1,00;0,00;0,00;1,00;0,00;0,00;0,00;2,00;0,00;0,00;0,00;3,00
11,00;26,00;28,00;1,00;3,00;1,00;2,00;2,00;2,00;0,00;0,00;0,00;0,00;1,00;1,00;0,00;10,00;1,00;0,00;1,00;0,00;0,00;0,00;0,00;0,00;0,00;2,00;1,00;2,00;2,00;2,00;1,00;2,00;0,00;0,00;0,00;12,00;1,00;1,00;1,00;3,00
11,00;26,00;28,00;1,00;2,00;2,00;2,00;1,00;1,00;2,00;3,00;0,00;4,00;2,00;0,00;0,00;0,00;NA;1,00;0,00;1,00;0,00;1,00;1,00;1,00;0,00;2,00;2,00;3,00;3,00;1,00;2,00;3,00;2,00;1,00;2,00;21,00;4,00;1,00;1,00;3,00
11,00;23,00;28,00;2,00;1,00;1,00;1,00;1,00;1,00;1,00;4,00;5,00;6,00;1,00;2,00;3,00;1,00;1,00;1,00;0,00;0,00;1,00;1,00;1,00;1,00;1,00;1,00;1,00;1,00;2,00;2,00;2,00;2,00;2,00;0,00;1,00;14,00;5,00;1,00;1,00;3,00
11,00;25,00;28,00;2,00;3,00;1,00;2,00;2,00;2,00;0,00;0,00;0,00;0,00;2,00;0,00;0,00;0,00;NA;1,00;1,00;0,00;0,00;0,00;0,00;0,00;0,00;0,00;0,00;1,00;1,00;1,00;0,00;0,00;0,00;0,00;1,00;4,00;1,00;1,00;0,00;3,00
11,00;25,00;30,00;2,00;1,00;1,00;2,00;2,00;2,00;0,00;0,00;0,00;0,00;2,00;0,00;0,00;0,00;NA;0,00;1,00;0,00;0,00;0,00;0,00;0,00;0,00;0,00;0,00;0,00;1,00;1,00;0,00;1,00;0,00;0,00;1,00;4,00;1,00;1,00;0,00;3,00
11,00;23,00;28,00;1,00;1,00;0,00;1,00;2,00;2,00;0,00;0,00;0,00;0,00;1,00;1,00;0,00;10,00;1,00;0,00;1,00;0,00;0,00;1,00;1,00;1,00;0,00;2,00;1,00;3,00;2,00;3,00;1,00;1,00;1,00;0,00;1,00;15,00;4,00;1,00;1,00;3,00
11,00;26,00;30,00;2,00;2,00;1,00;2,00;2,00;2,00;0,00;0,00;0,00;0,00;1,00;1,00;4,00;10,00;1,00;0,00;0,00;0,00;0,00;0,00;1,00;0,00;0,00;2,00;1,00;1,00;2,00;0,00;1,00;0,00;0,00;0,00;1,00;8,00;1,00;1,00;0,00;3,00
11,00;28,00;28,00;1,00;2,00;1,00;2,00;1,00;1,00;1,00;0,00;0,00;6,00;2,00;0,00;0,00;0,00;NA;0,00;0,00;0,00;0,00;0,00;0,00;0,00;0,00;2,00;2,00;2,00;2,00;2,00;1,00;2,00;1,00;0,00;1,00;15,00;0,00;0,00;1,00;3,00
11,00;25,00;28,00;1,00;2,00;1,00;2,00;2,00;2,00;0,00;0,00;0,00;0,00;2,00;0,00;0,00;0,00;NA;0,00;1,00;0,00;0,00;0,00;0,00;0,00;0,00;1,00;0,00;1,00;1,00;1,00;0,00;1,00;1,00;0,00;1,00;7,00;1,00;1,00;0,00;3,00
11,00;25,00;28,00;1,00;2,00;1,00;1,00;2,00;2,00;0,00;0,00;0,00;0,00;1,00;2,00;0,00;1,00;0,00;1,00;0,00;0,00;0,00;0,00;0,00;0,00;1,00;1,00;0,00;2,00;1,00;1,00;1,00;2,00;2,00;0,00;1,00;11,00;1,00;1,00;1,00;3,00
6,00;22,00;36,00;1,00;1,00;1,00;1,00;2,00;2,00;0,00;0,00;0,00;0,00;2,00;0,00;0,00;0,00;NA;1,00;0,00;0,00;0,00;0,00;0,00;0,00;1,00;1,00;0,00;1,00;2,00;0,00;0,00;0,00;0,00;0,00;0,00;4,00;1,00;1,00;0,00;2,00
6,00;21,00;36,00;2,00;1,00;1,00;2,00;2,00;2,00;0,00;0,00;0,00;0,00;2,00;0,00;0,00;0,00;NA;1,00;0,00;0,00;0,00;0,00;0,00;0,00;0,00;0,00;0,00;0,00;0,00;0,00;0,00;0,00;0,00;0,00;0,00;0,00;0,00;0,00;0,00;2,00
6,00;21,00;36,00;2,00;1,00;1,00;2,00;2,00;2,00;0,00;0,00;0,00;0,00;2,00;0,00;0,00;0,00;NA;0,00;0,00;0,00;0,00;0,00;0,00;1,00;1,00;0,00;0,00;1,00;2,00;1,00;0,00;0,00;0,00;0,00;1,00;5,00;2,00;1,00;0,00;2,00
11,00;27,00;28,00;1,00;1,00;1,00;2,00;2,00;2,00;0,00;0,00;0,00;0,00;2,00;0,00;0,00;0,00;NA;1,00;0,00;0,00;0,00;0,00;0,00;1,00;0,00;1,00;1,00;1,00;2,00;1,00;2,00;1,00;0,00;0,00;1,00;10,00;1,00;1,00;1,00;3,00
11,00;25,00;28,00;2,00;2,00;1,00;1,00;2,00;2,00;0,00;0,00;0,00;0,00;1,00;5,00;0,00;18,00;1,00;1,00;1,00;1,00;1,00;0,00;0,00;0,00;1,00;1,00;1,00;0,00;1,00;0,00;1,00;2,00;1,00;0,00;2,00;9,00;4,00;1,00;1,00;3,00
6,00;20,00;36,00;1,00;1,00;1,00;2,00;2,00;2,00;0,00;0,00;0,00;0,00;2,00;0,00;0,00;0,00;NA;1,00;0,00;0,00;0,00;0,00;0,00;0,00;0,00;1,00;2,00;0,00;2,00;2,00;1,00;1,00;0,00;0,00;0,00;9,00;0,00;0,00;1,00;2,00
6,00;22,00;36,00;2,00;1,00;1,00;2,00;2,00;2,00;0,00;0,00;0,00;0,00;2,00;0,00;0,00;0,00;NA;1,00;1,00;0,00;0,00;0,00;0,00;1,00;0,00;0,00;0,00;0,00;0,00;3,00;0,00;0,00;0,00;0,00;0,00;3,00;2,00;1,00;0,00;2,00
6,00;21,00;36,00;1,00;4,00;0,00;2,00;1,00;2,00;0,00;0,00;0,00;0,00;2,00;0,00;0,00;0,00;NA;1,00;0,00;0,00;0,00;0,00;0,00;0,00;0,00;2,00;1,00;2,00;2,00;0,00;0,00;2,00;2,00;0,00;2,00;13,00;0,00;0,00;1,00;2,00
6,00;24,00;36,00;1,00;2,00;1,00;2,00;2,00;1,00;1,00;0,00;0,00;3,00;2,00;0,00;0,00;0,00;NA;1,00;0,00;0,00;0,00;0,00;0,00;0,00;1,00;1,00;1,00;1,00;1,00;1,00;1,00;2,00;1,00;0,00;1,00;10,00;1,00;1,00;1,00;2,00
6,00;21,00;38,00;1,00;1,00;1,00;2,00;2,00;2,00;0,00;0,00;0,00;0,00;2,00;0,00;0,00;0,00;NA;1,00;0,00;0,00;0,00;0,00;0,00;0,00;0,00;0,00;0,00;2,00;3,00;0,00;0,00;0,00;1,00;0,00;0,00;6,00;0,00;0,00;0,00;2,00
6,00;20,00;36,00;1,00;2,00;1,00;2,00;1,00;1,00;1,00;6,00;0,00;0,80;2,00;0,00;0,00;0,00;NA;0,00;0,00;0,00;0,00;0,00;0,00;0,00;0,00;1,00;0,00;0,00;2,00;1,00;0,00;0,00;0,00;0,00;0,00;4,00;0,00;0,00;0,00;2,00
6,00;23,00;36,00;1,00;3,00;1,00;1,00;2,00;2,00;0,00;0,00;0,00;0,00;1,00;5,00;0,00;10,00;1,00;1,00;0,00;0,00;0,00;0,00;0,00;0,00;1,00;1,00;2,00;0,00;1,00;2,00;1,00;1,00;0,00;0,00;1,00;9,00;1,00;1,00;1,00;2,00
6,00;23,00;36,00;1,00;2,00;1,00;2,00;2,00;2,00;0,00;0,00;0,00;0,00;2,00;0,00;0,00;0,00;NA;1,00;0,00;0,00;0,00;0,00;0,00;0,00;0,00;2,00;1,00;2,00;3,00;0,00;0,00;2,00;1,00;0,00;1,00;12,00;0,00;0,00;1,00;2,00
6,00;20,00;36,00;1,00;2,00;1,00;1,00;2,00;2,00;0,00;0,00;0,00;0,00;2,00;0,00;0,00;0,00;NA;0,00;0,00;0,00;0,00;0,00;1,00;0,00;1,00;3,00;2,00;2,00;2,00;3,00;2,00;3,00;0,00;0,00;3,00;20,00;2,00;1,00;1,00;2,00
6,00;30,00;36,00;2,00;3,00;1,00;2,00;2,00;2,00;0,00;0,00;0,00;0,00;2,00;0,00;0,00;0,00;NA;1,00;0,00;0,00;0,00;0,00;0,00;0,00;0,00;1,00;0,00;1,00;0,00;0,00;0,00;1,00;0,00;0,00;0,00;3,00;0,00;0,00;0,00;2,00
11,00;25,00;30,00;2,00;3,00;1,00;2,00;2,00;2,00;0,00;0,00;0,00;0,00;2,00;0,00;0,00;0,00;NA;0,00;0,00;0,00;0,00;0,00;0,00;1,00;0,00;1,00;0,00;1,00;3,00;1,00;0,00;1,00;0,00;0,00;0,00;7,00;1,00;1,00;0,00;3,00
11,00;22,00;28,00;2,00;1,00;1,00;2,00;2,00;2,00;0,00;0,00;0,00;0,00;2,00;0,00;0,00;0,00;NA;1,00;0,00;0,00;0,00;0,00;0,00;1,00;0,00;0,00;0,00;1,00;1,00;1,00;0,00;1,00;1,00;0,00;1,00;6,00;1,00;1,00;0,00;3,00
6,00;24,00;36,00;1,00;2,00;1,00;1,00;2,00;2,00;0,00;0,00;0,00;0,00;2,00;0,00;0,00;0,00;NA;1,00;1,00;0,00;0,00;1,00;0,00;0,00;0,00;1,00;0,00;1,00;1,00;0,00;0,00;0,00;0,00;0,00;1,00;4,00;2,00;1,00;0,00;2,00
6,00;22,00;36,00;1,00;2,00;1,00;2,00;2,00;2,00;0,00;0,00;0,00;0,00;2,00;0,00;0,00;0,00;NA;0,00;0,00;0,00;0,00;0,00;0,00;1,00;0,00;2,00;1,00;0,00;1,00;1,00;0,00;1,00;1,00;0,00;0,00;7,00;1,00;1,00;0,00;2,00
6,00;27,00;36,00;1,00;3,00;1,00;2,00;2,00;2,00;0,00;0,00;0,00;0,00;2,00;0,00;0,00;0,00;NA;0,00;0,00;0,00;0,00;0,00;0,00;0,00;0,00;2,00;1,00;0,00;2,00;2,00;2,00;2,00;0,00;0,00;2,00;13,00;0,00;0,00;1,00;2,00
6,00;22,00;38,00;2,00;2,00;2,00;2,00;2,00;2,00;0,00;0,00;0,00;0,00;2,00;0,00;0,00;0,00;NA;0,00;0,00;0,00;0,00;0,00;0,00;0,00;0,00;1,00;0,00;1,00;2,00;1,00;0,00;0,00;0,00;0,00;1,00;6,00;0,00;0,00;0,00;2,00
6,00;22,00;36,00;2,00;2,00;2,00;1,00;1,00;1,00;5,00;0,00;0,00;1,00;2,00;0,00;0,00;0,00;NA;1,00;0,00;0,00;0,00;0,00;0,00;1,00;1,00;1,00;1,00;0,00;2,00;1,00;3,00;2,00;0,00;0,00;3,00;13,00;2,00;1,00;1,00;2,00
6,00;24,00;38,00;1,00;1,00;1,00;2,00;2,00;2,00;0,00;0,00;0,00;0,00;2,00;0,00;0,00;0,00;NA;1,00;0,00;0,00;0,00;0,00;0,00;1,00;0,00;1,00;1,00;2,00;1,00;0,00;0,00;0,00;0,00;0,00;0,00;5,00;1,00;1,00;0,00;2,00
6,00;23,00;32,00;1,00;2,00;1,00;2,00;2,00;2,00;0,00;0,00;0,00;0,00;2,00;0,00;0,00;0,00;NA;1,00;0,00;0,00;0,00;0,00;0,00;0,00;0,00;0,00;1,00;1,00;1,00;0,00;0,00;1,00;0,00;0,00;0,00;4,00;0,00;0,00;0,00;2,00
6,00;32,00;40,00;1,00;3,00;1,00;1,00;2,00;2,00;0,00;0,00;0,00;0,00;2,00;0,00;0,00;0,00;NA;0,00;0,00;0,00;1,00;0,00;0,00;0,00;0,00;1,00;1,00;2,00;2,00;1,00;1,00;1,00;1,00;0,00;1,00;11,00;1,00;1,00;1,00;2,00
6,00;0,00;0,00;0,00;0,00;0,00;2,00;1,00;1,00;4,00;0,00;0,00;2,00;2,00;0,00;0,00;0,00;NA;1,00;0,00;0,00;1,00;0,00;0,00;0,00;0,00;1,00;2,00;2,00;3,00;1,00;0,00;2,00;2,00;2,00;1,00;16,00;1,00;1,00;1,00;2,00
6,00;21,00;32,00;2,00;1,00;1,00;2,00;2,00;2,00;0,00;0,00;0,00;0,00;2,00;0,00;0,00;0,00;NA;1,00;0,00;0,00;1,00;0,00;1,00;0,00;0,00;2,00;0,00;0,00;1,00;0,00;0,00;1,00;0,00;0,00;1,00;5,00;2,00;1,00;0,00;2,00
6,00;21,00;36,00;2,00;2,00;1,00;1,00;2,00;2,00;0,00;0,00;0,00;0,00;2,00;0,00;0,00;0,00;NA;0,00;0,00;1,00;0,00;1,00;0,00;0,00;1,00;1,00;0,00;1,00;2,00;2,00;0,00;1,00;0,00;0,00;1,00;8,00;3,00;1,00;0,00;2,00
6,00;23,00;0,00;2,00;1,00;1,00;1,00;1,00;1,00;6,00;0,00;0,00;23,00;2,00;0,00;0,00;0,00;NA;0,00;0,00;1,00;1,00;1,00;0,00;1,00;1,00;1,00;2,00;1,00;1,00;2,00;2,00;1,00;1,00;1,00;2,00;14,00;5,00;1,00;1,00;2,00
6,00;23,00;36,00;1,00;0,00;1,00;2,00;2,00;2,00;0,00;0,00;0,00;0,00;2,00;0,00;0,00;0,00;NA;1,00;0,00;0,00;0,00;0,00;0,00;1,00;0,00;1,00;1,00;0,00;1,00;0,00;0,00;0,00;0,00;0,00;0,00;3,00;1,00;1,00;0,00;2,00
11,00;23,00;28,00;1,00;1,00;1,00;1,00;1,00;1,00;1,00;0,00;0,00;6,00;2,00;0,00;0,00;0,00;NA;1,00;1,00;0,00;0,00;0,00;0,00;0,00;0,00;1,00;1,00;3,00;3,00;2,00;0,00;1,00;1,00;0,00;0,00;12,00;1,00;1,00;1,00;3,00
11,00;24,00;30,00;1,00;1,00;1,00;2,00;2,00;2,00;0,00;0,00;0,00;0,00;2,00;0,00;0,00;0,00;NA;0,00;0,00;0,00;0,00;0,00;0,00;0,00;0,00;1,00;1,00;0,00;2,00;0,00;0,00;2,00;0,00;0,00;1,00;7,00;0,00;0,00;0,00;3,00
12,00;29,00;28,00;2,00;3,00;1,00;1,00;2,00;2,00;0,00;0,00;0,00;0,00;2,00;0,00;0,00;0,00;NA;0,00;1,00;0,00;1,00;0,00;0,00;1,00;0,00;0,00;0,00;0,00;0,00;3,00;0,00;3,00;0,00;0,00;0,00;6,00;3,00;1,00;0,00;3,00
11,00;27,00;30,00;1,00;3,00;1,00;1,00;2,00;2,00;0,00;0,00;0,00;0,00;2,00;0,00;0,00;0,00;NA;1,00;0,00;0,00;0,00;0,00;0,00;0,00;0,00;2,00;2,00;1,00;3,00;3,00;1,00;1,00;0,00;0,00;2,00;15,00;4,00;1,00;1,00;3,00
10,00;25,00;0,00;1,00;2,00;1,00;2,00;2,00;2,00;0,00;0,00;0,00;0,00;1,00;7,00;0,00;3,00;0,00;1,00;1,00;0,00;0,00;0,00;0,00;0,00;0,00;1,00;2,00;1,00;1,00;1,00;1,00;1,00;1,00;0,00;1,00;10,00;1,00;1,00;1,00;3,00
10,00;24,00;0,00;2,00;3,00;1,00;2,00;2,00;2,00;0,00;0,00;0,00;0,00;2,00;0,00;0,00;0,00;NA;1,00;1,00;0,00;0,00;0,00;0,00;1,00;0,00;0,00;0,00;1,00;1,00;1,00;0,00;1,00;0,00;0,00;1,00;5,00;2,00;1,00;0,00;3,00
11,00;25,00;28,00;1,00;3,00;1,00;2,00;2,00;2,00;0,00;0,00;0,00;0,00;2,00;0,00;0,00;0,00;NA;1,00;1,00;0,00;0,00;0,00;0,00;0,00;0,00;1,00;0,00;1,00;1,00;1,00;0,00;1,00;0,00;0,00;1,00;6,00;1,00;1,00;0,00;3,00
7,00;20,00;0,00;1,00;3,00;0,00;2,00;2,00;2,00;0,00;0,00;0,00;0,00;2,00;0,00;0,00;0,00;NA;1,00;0,00;0,00;0,00;0,00;0,00;0,00;0,00;1,00;1,00;1,00;1,00;1,00;1,00;1,00;0,00;0,00;0,00;7,00;0,00;0,00;0,00;2,00
7,00;24,00;36,00;1,00;2,00;2,00;1,00;1,00;1,00;4,00;0,00;0,00;2,00;1,00;5,00;0,00;8,00;1,00;1,00;1,00;0,00;0,00;0,00;0,00;1,00;1,00;3,00;3,00;2,00;3,00;2,00;3,00;2,00;2,00;0,00;3,00;23,00;3,00;1,00;1,00;2,00
7,00;22,00;36,00;1,00;3,00;0,00;2,00;1,00;2,00;0,00;0,00;0,00;0,00;2,00;0,00;0,00;0,00;NA;1,00;0,00;0,00;0,00;0,00;0,00;0,00;0,00;1,00;1,00;1,00;2,00;1,00;1,00;1,00;1,00;0,00;1,00;10,00;0,00;0,00;1,00;2,00
6,00;28,00;36,00;2,00;1,00;1,00;2,00;2,00;2,00;0,00;0,00;0,00;0,00;2,00;0,00;0,00;0,00;NA;1,00;0,00;0,00;0,00;0,00;0,00;0,00;0,00;2,00;1,00;0,00;1,00;1,00;1,00;0,00;0,00;0,00;0,00;6,00;0,00;0,00;0,00;2,00
7,00;21,00;36,00;1,00;1,00;1,00;2,00;2,00;2,00;0,00;0,00;0,00;0,00;2,00;0,00;0,00;0,00;NA;0,00;0,00;0,00;0,00;0,00;1,00;1,00;0,00;2,00;3,00;2,00;3,00;2,00;2,00;1,00;1,00;0,00;2,00;18,00;2,00;1,00;1,00;2,00
7,00;22,00;36,00;1,00;3,00;1,00;2,00;2,00;1,00;1,00;0,00;0,00;5,00;2,00;0,00;0,00;0,00;NA;0,00;1,00;0,00;0,00;0,00;0,00;0,00;0,00;0,00;0,00;2,00;2,00;0,00;0,00;2,00;1,00;0,00;1,00;8,00;1,00;1,00;0,00;2,00
6,00;20,00;36,00;2,00;1,00;1,00;2,00;2,00;2,00;0,00;0,00;0,00;0,00;2,00;0,00;0,00;0,00;NA;0,00;0,00;0,00;0,00;0,00;0,00;0,00;0,00;0,00;1,00;0,00;2,00;1,00;0,00;0,00;0,00;0,00;0,00;4,00;0,00;0,00;0,00;2,00
7,00;26,00;36,00;1,00;1,00;1,00;2,00;2,00;2,00;0,00;0,00;0,00;0,00;2,00;0,00;0,00;0,00;NA;1,00;0,00;0,00;0,00;0,00;0,00;0,00;0,00;1,00;1,00;2,00;2,00;1,00;0,00;2,00;0,00;0,00;1,00;10,00;0,00;0,00;1,00;2,00
7,00;21,00;36,00;1,00;3,00;1,00;2,00;1,00;2,00;0,00;0,00;0,00;0,00;2,00;0,00;0,00;0,00;NA;1,00;1,00;0,00;0,00;0,00;0,00;0,00;0,00;1,00;1,00;1,00;1,00;0,00;1,00;1,00;1,00;0,00;1,00;8,00;1,00;1,00;0,00;2,00
7,00;25,00;36,00;1,00;1,00;1,00;2,00;2,00;2,00;0,00;0,00;0,00;0,00;2,00;0,00;0,00;0,00;NA;0,00;0,00;0,00;0,00;0,00;0,00;1,00;0,00;2,00;1,00;1,00;3,00;2,00;0,00;2,00;1,00;0,00;1,00;13,00;1,00;1,00;1,00;2,00
7,00;25,00;36,00;1,00;2,00;1,00;2,00;1,00;1,00;1,00;4,00;6,00;2,00;2,00;0,00;0,00;0,00;NA;0,00;0,00;0,00;0,00;0,00;0,00;1,00;0,00;2,00;1,00;3,00;3,00;2,00;1,00;2,00;1,00;0,00;1,00;16,00;1,00;1,00;1,00;2,00
7,00;37,00;36,00;2,00;1,00;1,00;2,00;2,00;2,00;0,00;0,00;0,00;0,00;2,00;0,00;0,00;0,00;NA;1,00;1,00;0,00;0,00;1,00;0,00;0,00;0,00;1,00;1,00;0,00;1,00;0,00;0,00;0,00;0,00;0,00;0,00;3,00;2,00;1,00;0,00;2,00
7,00;24,00;36,00;1,00;2,00;1,00;1,00;2,00;1,00;6,00;0,00;0,00;5,00;2,00;0,00;0,00;0,00;NA;1,00;1,00;0,00;0,00;0,00;0,00;0,00;0,00;3,00;3,00;3,00;3,00;3,00;1,00;1,00;0,00;0,00;1,00;18,00;1,00;1,00;1,00;2,00
7,00;23,00;36,00;1,00;2,00;1,00;1,00;1,00;2,00;0,00;0,00;0,00;0,00;2,00;0,00;0,00;0,00;NA;1,00;0,00;0,00;0,00;0,00;0,00;0,00;0,00;2,00;3,00;3,00;3,00;3,00;3,00;3,00;2,00;0,00;2,00;24,00;0,00;0,00;1,00;2,00
7,00;25,00;36,00;1,00;1,00;1,00;1,00;2,00;2,00;0,00;0,00;0,00;0,00;2,00;0,00;0,00;0,00;NA;1,00;1,00;0,00;0,00;0,00;0,00;0,00;1,00;3,00;2,00;3,00;3,00;3,00;2,00;2,00;2,00;0,00;2,00;22,00;2,00;1,00;1,00;2,00
7,00;22,00;40,00;1,00;1,00;1,00;1,00;2,00;2,00;0,00;0,00;0,00;0,00;1,00;5,00;8,00;16,00;1,00;1,00;1,00;0,00;0,00;0,00;1,00;0,00;0,00;2,00;3,00;3,00;2,00;1,00;1,00;2,00;0,00;0,00;2,00;16,00;2,00;1,00;1,00;2,00
7,00;22,00;36,00;1,00;1,00;1,00;2,00;2,00;2,00;0,00;0,00;0,00;0,00;2,00;0,00;0,00;0,00;NA;1,00;0,00;0,00;0,00;0,00;0,00;0,00;0,00;1,00;0,00;1,00;1,00;0,00;0,00;0,00;0,00;0,00;0,00;3,00;0,00;0,00;0,00;2,00
7,00;23,00;36,00;1,00;1,00;1,00;2,00;1,00;2,00;0,00;0,00;0,00;0,00;2,00;0,00;0,00;0,00;NA;1,00;0,00;0,00;0,00;0,00;0,00;0,00;0,00;0,00;0,00;0,00;1,00;0,00;0,00;2,00;0,00;0,00;0,00;3,00;0,00;0,00;0,00;2,00
7,00;22,00;36,00;2,00;2,00;1,00;2,00;2,00;2,00;0,00;0,00;0,00;0,00;2,00;0,00;0,00;0,00;NA;1,00;0,00;0,00;0,00;0,00;0,00;0,00;0,00;0,00;0,00;1,00;1,00;1,00;0,00;1,00;0,00;0,00;0,00;4,00;0,00;0,00;0,00;2,00
7,00;23,00;36,00;2,00;2,00;1,00;2,00;1,00;2,00;0,00;0,00;0,00;0,00;2,00;0,00;0,00;0,00;NA;1,00;1,00;0,00;1,00;0,00;0,00;1,00;0,00;0,00;1,00;3,00;2,00;2,00;0,00;2,00;2,00;0,00;1,00;13,00;3,00;1,00;1,00;2,00
7,00;25,00;40,00;1,00;2,00;1,00;2,00;1,00;1,00;1,00;3,00;0,00;5,00;2,00;0,00;0,00;0,00;NA;1,00;1,00;0,00;1,00;1,00;0,00;1,00;0,00;2,00;1,00;1,00;2,00;1,00;0,00;0,00;0,00;0,00;1,00;8,00;4,00;1,00;0,00;2,00
11,00;27,00;28,00;1,00;3,00;1,00;1,00;2,00;2,00;0,00;0,00;0,00;0,00;2,00;0,00;0,00;0,00;NA;0,00;1,00;1,00;0,00;0,00;0,00;1,00;0,00;1,00;1,00;2,00;2,00;2,00;1,00;1,00;0,00;0,00;0,00;10,00;3,00;1,00;1,00;3,00
12,00;30,00;28,00;2,00;3,00;1,00;1,00;2,00;2,00;0,00;0,00;0,00;0,00;1,00;9,00;0,00;10,00;1,00;1,00;1,00;0,00;0,00;0,00;0,00;1,00;0,00;2,00;2,00;1,00;1,00;2,00;0,00;1,00;0,00;0,00;2,00;11,00;2,00;1,00;1,00;3,00
12,00;26,00;28,00;1,00;4,00;1,00;2,00;2,00;2,00;0,00;0,00;0,00;0,00;2,00;0,00;0,00;0,00;NA;0,00;0,00;0,00;0,00;0,00;0,00;0,00;0,00;2,00;3,00;3,00;3,00;2,00;0,00;2,00;0,00;0,00;1,00;16,00;0,00;0,00;1,00;3,00
11,00;27,00;28,00;1,00;4,00;1,00;2,00;2,00;2,00;0,00;0,00;0,00;0,00;1,00;5,00;0,00;20,00;0,00;1,00;0,00;0,00;0,00;0,00;0,00;0,00;0,00;1,00;1,00;2,00;1,00;2,00;1,00;2,00;0,00;0,00;1,00;11,00;0,00;0,00;1,00;3,00
11,00;24,00;28,00;2,00;1,00;1,00;2,00;2,00;2,00;0,00;0,00;0,00;0,00;2,00;0,00;0,00;0,00;NA;0,00;1,00;0,00;0,00;0,00;0,00;1,00;0,00;1,00;0,00;1,00;1,00;1,00;0,00;0,00;0,00;0,00;0,00;4,00;2,00;1,00;0,00;3,00
11,00;23,00;32,00;1,00;1,00;1,00;2,00;1,00;2,00;0,00;0,00;0,00;0,00;2,00;0,00;0,00;0,00;NA;1,00;0,00;0,00;0,00;0,00;0,00;0,00;0,00;0,00;0,00;3,00;1,00;1,00;1,00;0,00;0,00;0,00;0,00;6,00;0,00;0,00;0,00;3,00
9,00;31,00;28,00;1,00;1,00;0,00;2,00;1,00;2,00;0,00;0,00;0,00;0,00;2,00;0,00;0,00;0,00;NA;1,00;0,00;0,00;0,00;0,00;0,00;0,00;0,00;1,00;1,00;2,00;3,00;1,00;0,00;2,00;0,00;0,00;1,00;11,00;0,00;0,00;1,00;3,00
10,00;30,00;28,00;1,00;2,00;1,00;2,00;2,00;2,00;0,00;0,00;0,00;0,00;2,00;0,00;0,00;0,00;NA;0,00;0,00;0,00;0,00;0,00;0,00;0,00;0,00;1,00;0,00;0,00;0,00;0,00;1,00;1,00;0,00;0,00;0,00;3,00;0,00;0,00;0,00;3,00
10,00;30,00;28,00;2,00;1,00;1,00;1,00;2,00;2,00;0,00;0,00;0,00;0,00;2,00;0,00;0,00;0,00;NA;1,00;1,00;0,00;0,00;0,00;0,00;1,00;0,00;1,00;0,00;3,00;2,00;1,00;0,00;1,00;0,00;0,00;0,00;8,00;2,00;1,00;0,00;3,00
10,00;38,00;28,00;2,00;2,00;2,00;2,00;2,00;2,00;0,00;0,00;0,00;0,00;2,00;0,00;0,00;0,00;NA;1,00;0,00;0,00;0,00;0,00;0,00;0,00;0,00;0,00;0,00;3,00;3,00;2,00;0,00;1,00;0,00;0,00;0,00;9,00;0,00;0,00;1,00;3,00
9,00;25,00;28,00;1,00;2,00;1,00;1,00;2,00;1,00;4,00;0,00;0,00;3,00;2,00;0,00;0,00;0,00;NA;1,00;0,00;0,00;0,00;0,00;0,00;1,00;0,00;1,00;1,00;1,00;2,00;2,00;0,00;1,00;0,00;0,00;0,00;8,00;1,00;1,00;0,00;3,00
11,00;23,00;28,00;1,00;2,00;1,00;2,00;2,00;2,00;0,00;0,00;0,00;0,00;2,00;0,00;0,00;0,00;NA;1,00;0,00;0,00;0,00;0,00;0,00;0,00;0,00;1,00;0,00;0,00;1,00;1,00;0,00;0,00;0,00;0,00;0,00;3,00;0,00;0,00;0,00;3,00
11,00;25,00;28,00;1,00;2,00;1,00;2,00;2,00;2,00;0,00;0,00;0,00;0,00;1,00;10,00;0,00;0,50;1,00;1,00;0,00;0,00;0,00;0,00;0,00;0,00;0,00;1,00;1,00;0,00;1,00;1,00;0,00;1,00;0,00;0,00;0,00;5,00;0,00;0,00;0,00;3,00
11,00;37,00;28,00;1,00;3,00;0,00;2,00;1,00;1,00;5,00;0,00;0,00;6,00;1,00;11,00;0,00;2,00;1,00;0,00;0,00;0,00;0,00;0,00;0,00;0,00;0,00;1,00;0,00;0,00;2,00;1,00;1,00;3,00;1,00;0,00;1,00;10,00;0,00;0,00;1,00;3,00
11,00;25,00;28,00;2,00;1,00;1,00;1,00;1,00;1,00;1,00;0,00;0,00;3,00;1,00;5,00;0,00;10,00;1,00;1,00;1,00;0,00;0,00;0,00;0,00;1,00;0,00;0,00;0,00;2,00;1,00;2,00;1,00;0,00;2,00;0,00;0,00;8,00;2,00;1,00;0,00;3,00
11,00;24,00;28,00;1,00;1,00;1,00;1,00;2,00;1,00;1,00;0,00;0,00;9,00;2,00;0,00;0,00;0,00;NA;0,00;0,00;0,00;0,00;0,00;0,00;0,00;1,00;0,00;0,00;1,00;1,00;1,00;1,00;0,00;0,00;0,00;0,00;4,00;1,00;1,00;0,00;3,00
11,00;26,00;28,00;2,00;2,00;1,00;2,00;1,00;2,00;0,00;0,00;0,00;0,00;2,00;0,00;0,00;0,00;NA;1,00;0,00;0,00;0,00;0,00;0,00;0,00;0,00;2,00;2,00;1,00;3,00;2,00;2,00;1,00;0,00;0,00;1,00;14,00;0,00;0,00;1,00;3,00
11,00;36,00;28,00;2,00;1,00;1,00;2,00;1,00;1,00;7,00;0,00;0,00;5,00;1,00;2,00;0,00;3,00;1,00;1,00;0,00;0,00;0,00;0,00;0,00;0,00;0,00;0,00;0,00;0,00;0,00;0,00;0,00;0,00;1,00;0,00;0,00;1,00;0,00;0,00;0,00;3,00
1,00;21,00;28,00;1,00;2,00;1,00;2,00;2,00;2,00;0,00;0,00;0,00;0,00;2,00;0,00;0,00;0,00;NA;1,00;0,00;0,00;0,00;0,00;0,00;1,00;0,00;1,00;1,00;2,00;3,00;3,00;2,00;0,00;2,00;0,00;1,00;15,00;1,00;1,00;1,00;1,00
1,00;23,00;28,00;1,00;2,00;1,00;1,00;1,00;1,00;4,00;0,00;0,00;2,00;1,00;5,00;0,00;0,00;1,00;0,00;0,00;1,00;0,00;0,00;0,00;0,00;1,00;2,00;1,00;3,00;3,00;2,00;2,00;3,00;1,00;1,00;2,00;20,00;2,00;1,00;1,00;1,00
1,00;20,00;28,00;1,00;2,00;1,00;2,00;1,00;2,00;0,00;0,00;0,00;0,00;2,00;0,00;0,00;0,00;NA;1,00;0,00;1,00;0,00;0,00;0,00;1,00;0,00;0,00;1,00;1,00;2,00;2,00;1,00;2,00;2,00;0,00;0,00;11,00;2,00;1,00;1,00;1,00
1,00;19,00;28,00;1,00;2,00;1,00;2,00;1,00;2,00;0,00;0,00;0,00;0,00;2,00;0,00;0,00;0,00;NA;1,00;1,00;0,00;0,00;1,00;1,00;0,00;0,00;1,00;1,00;2,00;2,00;2,00;1,00;1,00;2,00;0,00;1,00;13,00;3,00;1,00;1,00;1,00
1,00;19,00;28,00;1,00;1,00;1,00;2,00;2,00;2,00;0,00;0,00;0,00;0,00;2,00;0,00;0,00;0,00;NA;1,00;1,00;0,00;0,00;0,00;0,00;0,00;0,00;1,00;2,00;3,00;2,00;3,00;2,00;0,00;2,00;0,00;2,00;17,00;1,00;1,00;1,00;1,00
2,00;20,00;32,00;1,00;1,00;1,00;2,00;2,00;2,00;0,00;0,00;0,00;0,00;2,00;0,00;0,00;0,00;NA;0,00;1,00;0,00;0,00;0,00;0,00;0,00;0,00;0,00;1,00;1,00;2,00;2,00;1,00;2,00;0,00;0,00;2,00;11,00;1,00;1,00;1,00;1,00
1,00;20,00;28,00;1,00;2,00;1,00;2,00;2,00;2,00;0,00;0,00;0,00;0,00;2,00;0,00;0,00;0,00;NA;0,00;0,00;0,00;0,00;0,00;0,00;0,00;1,00;0,00;0,00;0,00;0,00;0,00;0,00;0,00;0,00;0,00;0,00;0,00;1,00;1,00;0,00;1,00
1,00;20,00;28,00;1,00;1,00;1,00;2,00;2,00;2,00;0,00;0,00;0,00;0,00;1,00;5,00;0,00;20,00;1,00;1,00;0,00;0,00;0,00;0,00;0,00;0,00;0,00;1,00;2,00;1,00;1,00;1,00;2,00;1,00;0,00;0,00;0,00;9,00;0,00;0,00;1,00;1,00
1,00;18,00;28,00;1,00;2,00;1,00;2,00;2,00;2,00;0,00;0,00;0,00;0,00;1,00;12,00;0,00;2,00;1,00;1,00;0,00;0,00;0,00;1,00;1,00;0,00;0,00;1,00;1,00;1,00;1,00;0,00;1,00;0,00;0,00;0,00;0,00;5,00;2,00;1,00;0,00;1,00
1,00;19,00;28,00;1,00;1,00;1,00;2,00;2,00;2,00;0,00;0,00;0,00;0,00;2,00;0,00;0,00;0,00;NA;1,00;1,00;0,00;0,00;0,00;0,00;0,00;0,00;2,00;1,00;2,00;2,00;2,00;1,00;1,00;2,00;0,00;1,00;14,00;1,00;1,00;1,00;1,00
1,00;18,00;28,00;1,00;2,00;1,00;1,00;1,00;1,00;1,00;4,00;0,00;1,00;2,00;0,00;0,00;0,00;NA;0,00;1,00;0,00;0,00;1,00;1,00;0,00;1,00;3,00;3,00;3,00;3,00;3,00;3,00;3,00;3,00;2,00;1,00;27,00;4,00;1,00;1,00;1,00
1,00;21,00;28,00;2,00;2,00;1,00;2,00;2,00;2,00;0,00;0,00;0,00;0,00;2,00;0,00;0,00;0,00;NA;1,00;0,00;0,00;0,00;0,00;0,00;0,00;0,00;1,00;1,00;2,00;1,00;0,00;1,00;1,00;1,00;0,00;1,00;9,00;0,00;0,00;1,00;1,00
1,00;21,00;28,00;1,00;1,00;1,00;1,00;1,00;2,00;0,00;0,00;0,00;0,00;2,00;0,00;0,00;0,00;NA;1,00;1,00;0,00;0,00;0,00;0,00;0,00;0,00;1,00;2,00;1,00;3,00;1,00;1,00;1,00;1,00;0,00;1,00;12,00;1,00;1,00;1,00;1,00
1,00;19,00;28,00;1,00;1,00;1,00;2,00;2,00;2,00;0,00;0,00;0,00;0,00;2,00;0,00;0,00;0,00;NA;1,00;0,00;0,00;0,00;0,00;0,00;0,00;1,00;1,00;1,00;0,00;2,00;1,00;0,00;2,00;1,00;0,00;1,00;9,00;1,00;1,00;1,00;1,00
1,00;18,00;28,00;1,00;1,00;1,00;2,00;2,00;2,00;0,00;0,00;0,00;0,00;2,00;0,00;0,00;0,00;NA;1,00;0,00;0,00;0,00;0,00;0,00;0,00;1,00;1,00;2,00;2,00;3,00;2,00;1,00;1,00;1,00;0,00;2,00;15,00;1,00;1,00;1,00;1,00
1,00;19,00;28,00;1,00;1,00;1,00;2,00;1,00;2,00;0,00;0,00;0,00;0,00;2,00;0,00;0,00;0,00;NA;1,00;1,00;0,00;0,00;1,00;1,00;0,00;1,00;1,00;1,00;3,00;2,00;3,00;1,00;1,00;2,00;0,00;1,00;15,00;4,00;1,00;1,00;1,00
1,00;19,00;28,00;1,00;1,00;1,00;2,00;1,00;1,00;4,00;0,00;0,00;3,00;2,00;0,00;0,00;0,00;NA;0,00;0,00;0,00;0,00;0,00;0,00;0,00;0,00;2,00;2,00;3,00;3,00;2,00;3,00;3,00;0,00;1,00;2,00;21,00;0,00;0,00;1,00;1,00
1,00;20,00;28,00;1,00;1,00;1,00;1,00;2,00;2,00;0,00;0,00;0,00;0,00;2,00;0,00;0,00;0,00;NA;0,00;0,00;0,00;0,00;0,00;0,00;0,00;0,00;1,00;1,00;1,00;2,00;0,00;0,00;1,00;0,00;0,00;1,00;7,00;0,00;0,00;0,00;1,00
1,00;22,00;28,00;2,00;2,00;1,00;2,00;2,00;2,00;0,00;0,00;0,00;0,00;2,00;0,00;0,00;0,00;NA;1,00;0,00;0,00;0,00;0,00;0,00;0,00;0,00;2,00;1,00;2,00;3,00;2,00;0,00;2,00;1,00;0,00;0,00;13,00;0,00;0,00;1,00;1,00
1,00;20,00;28,00;1,00;1,00;1,00;1,00;1,00;1,00;4,00;0,00;0,00;5,00;2,00;0,00;0,00;0,00;NA;0,00;1,00;1,00;0,00;0,00;1,00;1,00;1,00;2,00;1,00;2,00;3,00;3,00;2,00;2,00;0,00;0,00;2,00;17,00;5,00;1,00;1,00;1,00
1,00;18,00;28,00;1,00;2,00;1,00;2,00;2,00;2,00;0,00;0,00;0,00;0,00;2,00;0,00;0,00;0,00;NA;1,00;0,00;0,00;0,00;0,00;0,00;0,00;0,00;2,00;3,00;3,00;1,00;2,00;2,00;1,00;2,00;1,00;3,00;20,00;0,00;0,00;1,00;1,00
1,00;22,00;28,00;1,00;1,00;1,00;2,00;1,00;2,00;0,00;0,00;0,00;0,00;2,00;0,00;0,00;0,00;NA;1,00;1,00;0,00;0,00;0,00;0,00;0,00;0,00;1,00;1,00;3,00;3,00;3,00;1,00;3,00;0,00;0,00;3,00;18,00;1,00;1,00;1,00;1,00
1,00;20,00;28,00;2,00;1,00;1,00;1,00;1,00;2,00;0,00;0,00;0,00;0,00;2,00;0,00;0,00;0,00;NA;1,00;0,00;0,00;1,00;0,00;0,00;0,00;0,00;1,00;1,00;1,00;3,00;2,00;1,00;2,00;1,00;0,00;1,00;13,00;1,00;1,00;1,00;1,00
1,00;18,00;28,00;2,00;1,00;1,00;2,00;2,00;2,00;0,00;0,00;0,00;0,00;1,00;1,00;0,00;6,00;1,00;0,00;0,00;0,00;0,00;1,00;0,00;0,00;0,00;0,00;0,00;1,00;1,00;0,00;1,00;1,00;0,00;0,00;1,00;5,00;1,00;1,00;0,00;1,00
1,00;23,00;24,00;1,00;2,00;1,00;1,00;1,00;1,00;5,00;0,00;0,00;1,00;2,00;0,00;0,00;0,00;NA;0,00;1,00;1,00;1,00;1,00;1,00;1,00;1,00;1,00;2,00;3,00;3,00;3,00;3,00;3,00;3,00;0,00;2,00;23,00;7,00;1,00;1,00;1,00
1,00;21,00;28,00;1,00;4,00;1,00;2,00;2,00;2,00;0,00;0,00;0,00;0,00;2,00;0,00;0,00;0,00;NA;1,00;0,00;1,00;1,00;1,00;0,00;0,00;0,00;1,00;1,00;1,00;1,00;2,00;1,00;1,00;2,00;0,00;1,00;11,00;3,00;1,00;1,00;1,00
1,00;24,00;28,00;1,00;2,00;1,00;2,00;1,00;2,00;0,00;0,00;0,00;0,00;2,00;0,00;0,00;0,00;NA;1,00;0,00;0,00;0,00;0,00;1,00;0,00;0,00;1,00;3,00;1,00;3,00;1,00;3,00;3,00;0,00;0,00;3,00;18,00;1,00;1,00;1,00;1,00
1,00;21,00;28,00;2,00;1,00;1,00;2,00;2,00;2,00;0,00;0,00;0,00;0,00;2,00;0,00;0,00;0,00;NA;1,00;1,00;0,00;0,00;0,00;0,00;0,00;0,00;3,00;3,00;3,00;3,00;0,00;3,00;2,00;1,00;0,00;2,00;20,00;1,00;1,00;1,00;1,00
1,00;18,00;28,00;2,00;1,00;1,00;2,00;2,00;2,00;0,00;0,00;0,00;0,00;2,00;0,00;0,00;0,00;NA;1,00;1,00;0,00;0,00;0,00;0,00;0,00;0,00;1,00;1,00;0,00;1,00;0,00;0,00;0,00;1,00;0,00;0,00;4,00;1,00;1,00;0,00;1,00
1,00;21,00;28,00;1,00;1,00;1,00;2,00;2,00;2,00;0,00;0,00;0,00;0,00;2,00;0,00;0,00;0,00;NA;1,00;1,00;0,00;1,00;0,00;0,00;1,00;0,00;1,00;2,00;3,00;3,00;3,00;0,00;2,00;1,00;0,00;1,00;16,00;3,00;1,00;1,00;1,00
1,00;18,00;28,00;1,00;1,00;1,00;2,00;2,00;2,00;0,00;0,00;0,00;0,00;2,00;0,00;0,00;0,00;NA;1,00;1,00;0,00;1,00;0,00;0,00;0,00;0,00;0,00;0,00;1,00;1,00;3,00;2,00;0,00;0,00;0,00;1,00;8,00;2,00;1,00;0,00;1,00
1,00;21,00;28,00;1,00;2,00;1,00;1,00;2,00;2,00;0,00;0,00;0,00;0,00;1,00;13,00;0,00;0,00;1,00;0,00;1,00;0,00;0,00;0,00;0,00;0,00;0,00;2,00;1,00;0,00;3,00;0,00;1,00;1,00;3,00;0,00;2,00;13,00;1,00;1,00;1,00;1,00
1,00;26,00;24,00;1,00;1,00;1,00;2,00;2,00;2,00;0,00;0,00;0,00;0,00;2,00;0,00;0,00;0,00;NA;1,00;1,00;0,00;0,00;0,00;0,00;0,00;0,00;1,00;1,00;0,00;1,00;0,00;1,00;0,00;0,00;0,00;0,00;4,00;1,00;1,00;0,00;1,00
1,00;19,00;32,00;1,00;1,00;1,00;2,00;2,00;2,00;0,00;0,00;0,00;0,00;2,00;0,00;0,00;0,00;NA;0,00;1,00;0,00;0,00;0,00;0,00;1,00;0,00;1,00;2,00;3,00;3,00;3,00;0,00;2,00;2,00;0,00;2,00;18,00;2,00;1,00;1,00;1,00
1,00;20,00;28,00;1,00;2,00;1,00;2,00;1,00;2,00;0,00;0,00;0,00;0,00;2,00;0,00;0,00;0,00;NA;1,00;0,00;0,00;0,00;0,00;0,00;1,00;0,00;1,00;1,00;1,00;2,00;0,00;0,00;2,00;0,00;0,00;1,00;8,00;1,00;1,00;0,00;1,00
1,00;18,00;32,00;1,00;2,00;1,00;1,00;1,00;1,00;0,00;0,00;0,00;0,00;2,00;0,00;0,00;0,00;NA;0,00;1,00;0,00;0,00;1,00;0,00;1,00;1,00;3,00;3,00;3,00;3,00;3,00;2,00;2,00;3,00;0,00;3,00;25,00;4,00;1,00;1,00;1,00
1,00;20,00;24,00;1,00;2,00;1,00;2,00;2,00;2,00;0,00;0,00;0,00;0,00;2,00;0,00;0,00;0,00;NA;0,00;0,00;0,00;0,00;1,00;1,00;1,00;0,00;2,00;2,00;3,00;3,00;1,00;2,00;1,00;3,00;0,00;1,00;18,00;3,00;1,00;1,00;1,00
1,00;21,00;28,00;1,00;1,00;1,00;1,00;2,00;2,00;0,00;0,00;0,00;0,00;2,00;0,00;0,00;0,00;NA;1,00;0,00;0,00;0,00;0,00;0,00;1,00;0,00;2,00;1,00;1,00;1,00;2,00;0,00;1,00;0,00;0,00;1,00;9,00;1,00;1,00;1,00;1,00
1,00;22,00;28,00;1,00;1,00;1,00;2,00;1,00;2,00;0,00;0,00;0,00;0,00;2,00;0,00;0,00;0,00;NA;0,00;0,00;0,00;0,00;1,00;1,00;0,00;0,00;1,00;1,00;1,00;1,00;1,00;0,00;1,00;0,00;0,00;1,00;7,00;2,00;1,00;0,00;1,00
1,00;20,00;28,00;1,00;1,00;1,00;2,00;1,00;1,00;1,00;4,00;0,00;1,00;2,00;0,00;0,00;0,00;NA;1,00;0,00;0,00;0,00;1,00;1,00;0,00;0,00;2,00;2,00;1,00;3,00;1,00;2,00;1,00;2,00;1,00;2,00;17,00;2,00;1,00;1,00;1,00
1,00;20,00;28,00;1,00;2,00;1,00;1,00;1,00;2,00;0,00;0,00;0,00;0,00;2,00;0,00;0,00;0,00;NA;1,00;0,00;1,00;0,00;0,00;1,00;0,00;1,00;0,00;1,00;2,00;3,00;1,00;1,00;1,00;1,00;0,00;1,00;11,00;3,00;1,00;1,00;1,00
1,00;18,00;28,00;1,00;2,00;1,00;1,00;2,00;2,00;0,00;0,00;0,00;0,00;2,00;0,00;0,00;0,00;NA;0,00;0,00;1,00;0,00;0,00;0,00;0,00;0,00;1,00;1,00;1,00;2,00;2,00;1,00;1,00;1,00;0,00;1,00;11,00;1,00;1,00;1,00;1,00
1,00;18,00;28,00;2,00;2,00;1,00;1,00;2,00;2,00;0,00;0,00;0,00;0,00;2,00;0,00;0,00;0,00;NA;1,00;0,00;0,00;0,00;1,00;0,00;0,00;1,00;0,00;0,00;0,00;0,00;0,00;0,00;0,00;0,00;0,00;0,00;0,00;2,00;1,00;0,00;1,00
1,00;21,00;28,00;1,00;2,00;1,00;2,00;2,00;2,00;0,00;0,00;0,00;0,00;2,00;0,00;0,00;0,00;NA;0,00;1,00;0,00;0,00;0,00;0,00;0,00;0,00;2,00;1,00;2,00;1,00;2,00;0,00;1,00;0,00;0,00;0,00;9,00;1,00;1,00;1,00;1,00
1,00;19,00;28,00;1,00;2,00;1,00;2,00;2,00;2,00;0,00;0,00;0,00;0,00;2,00;0,00;0,00;0,00;NA;0,00;0,00;0,00;0,00;0,00;0,00;1,00;0,00;1,00;1,00;1,00;2,00;0,00;1,00;1,00;0,00;0,00;1,00;8,00;1,00;1,00;0,00;1,00
1,00;21,00;28,00;1,00;2,00;1,00;2,00;2,00;2,00;0,00;0,00;0,00;0,00;2,00;0,00;0,00;0,00;NA;1,00;1,00;0,00;0,00;0,00;0,00;0,00;0,00;0,00;1,00;1,00;1,00;0,00;0,00;0,00;0,00;0,00;0,00;3,00;1,00;1,00;0,00;1,00
1,00;18,00;28,00;2,00;1,00;1,00;1,00;2,00;2,00;0,00;0,00;0,00;0,00;2,00;0,00;0,00;0,00;NA;1,00;1,00;1,00;0,00;0,00;0,00;0,00;1,00;1,00;1,00;1,00;1,00;1,00;1,00;1,00;1,00;0,00;1,00;9,00;3,00;1,00;1,00;1,00
1,00;18,00;28,00;2,00;1,00;1,00;2,00;2,00;2,00;0,00;0,00;0,00;0,00;2,00;0,00;0,00;0,00;NA;1,00;1,00;0,00;0,00;0,00;0,00;0,00;0,00;1,00;0,00;0,00;1,00;0,00;0,00;1,00;0,00;0,00;0,00;3,00;1,00;1,00;0,00;1,00
8,00;23,00;0,00;1,00;2,00;0,00;2,00;1,00;1,00;5,00;0,00;0,00;1,00;2,00;0,00;0,00;0,00;NA;0,00;1,00;0,00;0,00;0,00;0,00;0,00;0,00;1,00;1,00;1,00;1,00;3,00;2,00;3,00;0,00;1,00;1,00;14,00;1,00;1,00;1,00;2,00
11,00;24,00;30,00;1,00;1,00;1,00;1,00;2,00;2,00;0,00;0,00;0,00;0,00;2,00;0,00;0,00;0,00;NA;0,00;0,00;0,00;0,00;0,00;1,00;0,00;1,00;2,00;2,00;1,00;1,00;3,00;1,00;2,00;0,00;0,00;2,00;14,00;2,00;1,00;1,00;3,00
11,00;26,00;28,00;1,00;2,00;0,00;2,00;2,00;2,00;0,00;0,00;0,00;0,00;2,00;0,00;0,00;0,00;NA;1,00;0,00;0,00;0,00;0,00;0,00;0,00;0,00;1,00;1,00;1,00;1,00;1,00;1,00;0,00;0,00;0,00;1,00;7,00;0,00;0,00;0,00;3,00
11,00;25,00;28,00;2,00;2,00;1,00;2,00;2,00;2,00;0,00;0,00;0,00;0,00;2,00;0,00;0,00;0,00;NA;1,00;0,00;0,00;0,00;0,00;0,00;0,00;0,00;1,00;1,00;1,00;1,00;1,00;1,00;1,00;0,00;0,00;1,00;8,00;0,00;0,00;0,00;3,00
10,00;26,00;28,00;1,00;3,00;1,00;2,00;2,00;2,00;0,00;0,00;0,00;0,00;2,00;0,00;0,00;0,00;NA;1,00;0,00;0,00;0,00;0,00;0,00;0,00;0,00;0,00;0,00;1,00;1,00;2,00;0,00;3,00;0,00;0,00;0,00;7,00;0,00;0,00;0,00;3,00
10,00;27,00;28,00;1,00;2,00;1,00;2,00;2,00;2,00;0,00;0,00;0,00;0,00;2,00;0,00;0,00;0,00;NA;1,00;0,00;0,00;0,00;0,00;0,00;0,00;0,00;0,00;0,00;1,00;1,00;0,00;0,00;0,00;0,00;0,00;0,00;2,00;0,00;0,00;0,00;3,00
11,00;25,00;32,00;1,00;2,00;1,00;1,00;1,00;2,00;0,00;0,00;0,00;0,00;1,00;5,00;0,00;18,00;1,00;1,00;1,00;0,00;0,00;0,00;0,00;1,00;0,00;1,00;1,00;1,00;1,00;2,00;1,00;1,00;1,00;0,00;0,00;9,00;2,00;1,00;1,00;3,00
11,00;25,00;28,00;1,00;2,00;1,00;2,00;2,00;2,00;0,00;0,00;0,00;0,00;2,00;0,00;0,00;0,00;NA;1,00;0,00;0,00;0,00;0,00;0,00;0,00;0,00;1,00;0,00;2,00;2,00;1,00;0,00;2,00;0,00;0,00;0,00;8,00;0,00;0,00;0,00;3,00
11,00;25,00;32,00;1,00;2,00;1,00;2,00;1,00;2,00;0,00;0,00;0,00;0,00;2,00;0,00;0,00;0,00;NA;1,00;1,00;0,00;0,00;0,00;1,00;0,00;0,00;2,00;2,00;0,00;3,00;2,00;0,00;1,00;0,00;0,00;0,00;10,00;2,00;1,00;1,00;3,00
11,00;24,00;32,00;1,00;1,00;2,00;2,00;2,00;2,00;0,00;0,00;0,00;0,00;1,00;1,00;0,00;10,00;1,00;1,00;1,00;0,00;0,00;0,00;1,00;1,00;0,00;1,00;1,00;1,00;2,00;2,00;2,00;1,00;1,00;0,00;0,00;11,00;3,00;1,00;1,00;3,00
11,00;24,00;28,00;1,00;2,00;1,00;1,00;2,00;1,00;1,00;0,00;0,00;8,00;2,00;0,00;0,00;0,00;NA;1,00;1,00;0,00;0,00;1,00;1,00;0,00;1,00;1,00;1,00;3,00;3,00;3,00;2,00;1,00;0,00;0,00;2,00;16,00;4,00;1,00;1,00;3,00
11,00;25,00;28,00;1,00;2,00;1,00;2,00;2,00;2,00;0,00;0,00;0,00;0,00;2,00;0,00;0,00;0,00;NA;1,00;1,00;0,00;0,00;0,00;0,00;0,00;0,00;0,00;0,00;2,00;1,00;0,00;0,00;1,00;0,00;0,00;0,00;4,00;1,00;1,00;0,00;3,00
12,00;25,00;28,00;1,00;2,00;1,00;2,00;2,00;2,00;0,00;0,00;0,00;0,00;2,00;0,00;0,00;0,00;NA;1,00;0,00;0,00;0,00;0,00;0,00;0,00;0,00;1,00;1,00;0,00;2,00;2,00;1,00;2,00;1,00;0,00;1,00;11,00;0,00;0,00;1,00;3,00
12,00;25,00;28,00;2,00;2,00;1,00;2,00;2,00;2,00;0,00;0,00;0,00;0,00;2,00;0,00;0,00;0,00;NA;1,00;1,00;0,00;0,00;0,00;0,00;0,00;0,00;0,00;0,00;1,00;1,00;1,00;0,00;0,00;1,00;0,00;0,00;4,00;1,00;1,00;0,00;3,00
11,00;24,00;28,00;1,00;2,00;1,00;2,00;2,00;2,00;0,00;0,00;0,00;0,00;2,00;0,00;0,00;0,00;NA;1,00;1,00;0,00;0,00;0,00;0,00;0,00;1,00;0,00;0,00;2,00;1,00;1,00;0,00;1,00;2,00;0,00;1,00;8,00;2,00;1,00;0,00;3,00
11,00;27,00;28,00;1,00;2,00;1,00;2,00;2,00;2,00;0,00;0,00;0,00;0,00;2,00;0,00;0,00;0,00;NA;1,00;0,00;0,00;0,00;0,00;0,00;1,00;0,00;0,00;0,00;0,00;0,00;3,00;0,00;0,00;0,00;0,00;0,00;3,00;1,00;1,00;0,00;3,00
3,00;24,00;32,00;2,00;2,00;1,00;2,00;2,00;2,00;0,00;0,00;0,00;0,00;2,00;0,00;0,00;0,00;NA;1,00;0,00;0,00;0,00;0,00;0,00;0,00;0,00;1,00;0,00;0,00;3,00;0,00;0,00;0,00;0,00;0,00;0,00;4,00;0,00;0,00;0,00;1,00
3,00;21,00;32,00;1,00;1,00;1,00;1,00;2,00;2,00;0,00;0,00;0,00;0,00;1,00;14,00;0,00;1,00;0,00;1,00;0,00;0,00;0,00;0,00;0,00;0,00;0,00;1,00;1,00;2,00;2,00;0,00;0,00;0,00;2,00;0,00;0,00;8,00;0,00;0,00;0,00;1,00
3,00;22,00;30,00;1,00;2,00;1,00;2,00;2,00;2,00;0,00;0,00;0,00;0,00;2,00;0,00;0,00;0,00;NA;0,00;1,00;0,00;0,00;0,00;0,00;0,00;0,00;1,00;1,00;1,00;1,00;2,00;1,00;2,00;0,00;0,00;0,00;9,00;1,00;1,00;1,00;1,00
3,00;20,00;32,00;1,00;1,00;1,00;1,00;1,00;2,00;0,00;0,00;0,00;0,00;1,00;5,00;0,00;1,00;1,00;0,00;1,00;0,00;0,00;0,00;1,00;0,00;1,00;0,00;0,00;2,00;2,00;3,00;0,00;2,00;0,00;0,00;0,00;9,00;3,00;1,00;1,00;1,00
3,00;22,00;34,00;1,00;2,00;1,00;1,00;1,00;1,00;1,00;0,00;0,00;1,00;2,00;0,00;0,00;0,00;NA;1,00;0,00;0,00;0,00;1,00;0,00;1,00;0,00;1,00;1,00;1,00;1,00;0,00;0,00;0,00;1,00;0,00;1,00;6,00;2,00;1,00;0,00;1,00
3,00;21,00;30,00;1,00;1,00;1,00;2,00;1,00;2,00;0,00;0,00;0,00;0,00;2,00;0,00;0,00;0,00;NA;1,00;1,00;0,00;0,00;0,00;0,00;0,00;0,00;1,00;1,00;3,00;2,00;3,00;1,00;1,00;1,00;0,00;2,00;15,00;1,00;1,00;1,00;1,00
3,00;24,00;30,00;1,00;1,00;1,00;1,00;1,00;2,00;0,00;0,00;0,00;0,00;2,00;0,00;0,00;0,00;NA;0,00;0,00;0,00;0,00;0,00;0,00;0,00;0,00;1,00;1,00;3,00;3,00;3,00;2,00;2,00;0,00;0,00;0,00;15,00;0,00;0,00;1,00;1,00
3,00;22,00;30,00;1,00;1,00;1,00;2,00;2,00;2,00;0,00;0,00;0,00;0,00;2,00;0,00;0,00;0,00;NA;1,00;0,00;0,00;0,00;0,00;0,00;0,00;0,00;1,00;0,00;2,00;2,00;1,00;0,00;0,00;0,00;0,00;1,00;7,00;0,00;0,00;0,00;1,00
3,00;21,00;34,00;1,00;1,00;1,00;2,00;1,00;1,00;4,00;0,00;0,00;2,00;2,00;0,00;0,00;0,00;NA;0,00;0,00;0,00;0,00;0,00;0,00;1,00;1,00;1,00;2,00;3,00;2,00;3,00;3,00;2,00;1,00;1,00;3,00;21,00;2,00;1,00;1,00;1,00
3,00;25,00;30,00;1,00;4,00;1,00;1,00;1,00;2,00;0,00;0,00;0,00;0,00;2,00;0,00;0,00;0,00;NA;1,00;0,00;0,00;0,00;0,00;0,00;1,00;1,00;2,00;2,00;2,00;2,00;0,00;1,00;2,00;1,00;0,00;2,00;14,00;2,00;1,00;1,00;1,00
3,00;19,00;32,00;1,00;1,00;1,00;1,00;1,00;2,00;0,00;0,00;0,00;0,00;1,00;8,00;0,00;1,50;1,00;1,00;1,00;0,00;0,00;1,00;1,00;0,00;1,00;1,00;1,00;2,00;2,00;1,00;0,00;1,00;1,00;0,00;1,00;10,00;4,00;1,00;1,00;1,00
3,00;25,00;34,00;1,00;1,00;1,00;1,00;2,00;1,00;5,00;0,00;0,00;3,00;2,00;0,00;0,00;0,00;NA;1,00;0,00;1,00;0,00;1,00;1,00;0,00;1,00;1,00;1,00;1,00;2,00;0,00;1,00;1,00;1,00;0,00;1,00;9,00;4,00;1,00;1,00;1,00
3,00;20,00;30,00;1,00;1,00;1,00;1,00;2,00;2,00;0,00;0,00;0,00;0,00;2,00;0,00;0,00;0,00;NA;1,00;1,00;0,00;0,00;0,00;0,00;0,00;1,00;2,00;1,00;2,00;2,00;1,00;0,00;0,00;0,00;0,00;1,00;9,00;2,00;1,00;1,00;1,00
3,00;22,00;28,00;1,00;1,00;1,00;2,00;2,00;2,00;0,00;0,00;0,00;0,00;2,00;0,00;0,00;0,00;NA;0,00;1,00;0,00;0,00;0,00;0,00;1,00;0,00;1,00;1,00;2,00;3,00;1,00;1,00;0,00;0,00;0,00;0,00;9,00;2,00;1,00;1,00;1,00
3,00;19,00;32,00;2,00;2,00;1,00;1,00;2,00;2,00;0,00;0,00;0,00;0,00;2,00;0,00;0,00;0,00;NA;0,00;0,00;1,00;0,00;0,00;0,00;1,00;1,00;1,00;1,00;1,00;2,00;1,00;1,00;1,00;0,00;0,00;1,00;9,00;3,00;1,00;1,00;1,00
3,00;21,00;30,00;2,00;2,00;1,00;2,00;2,00;2,00;0,00;0,00;0,00;0,00;2,00;0,00;0,00;0,00;NA;1,00;1,00;0,00;0,00;0,00;0,00;0,00;0,00;0,00;1,00;0,00;1,00;1,00;0,00;1,00;0,00;0,00;1,00;5,00;1,00;1,00;0,00;1,00
3,00;24,00;34,00;1,00;1,00;1,00;1,00;1,00;1,00;1,00;0,00;0,00;2,00;1,00;4,00;5,00;1,00;1,00;1,00;0,00;1,00;1,00;1,00;1,00;1,00;1,00;1,00;1,00;1,00;1,00;3,00;0,00;1,00;0,00;0,00;1,00;9,00;6,00;1,00;1,00;1,00
3,00;18,00;32,00;1,00;1,00;1,00;2,00;1,00;1,00;1,00;4,00;0,00;8,00;1,00;0,00;0,00;3,00;1,00;1,00;1,00;0,00;0,00;0,00;0,00;1,00;0,00;1,00;1,00;2,00;3,00;2,00;2,00;1,00;2,00;0,00;2,00;16,00;2,00;1,00;1,00;1,00
3,00;18,00;30,00;2,00;1,00;1,00;2,00;2,00;2,00;0,00;0,00;0,00;0,00;2,00;0,00;0,00;0,00;NA;0,00;1,00;0,00;0,00;0,00;0,00;0,00;0,00;1,00;0,00;1,00;1,00;1,00;0,00;1,00;2,00;0,00;1,00;8,00;1,00;1,00;0,00;1,00
3,00;18,00;30,00;2,00;2,00;1,00;2,00;2,00;2,00;0,00;0,00;0,00;0,00;2,00;0,00;0,00;0,00;NA;1,00;1,00;0,00;0,00;0,00;0,00;0,00;0,00;1,00;0,00;2,00;1,00;1,00;0,00;1,00;2,00;0,00;1,00;9,00;1,00;1,00;1,00;1,00
3,00;19,00;34,00;1,00;2,00;1,00;1,00;2,00;2,00;0,00;0,00;0,00;0,00;2,00;0,00;0,00;0,00;NA;1,00;0,00;0,00;0,00;0,00;1,00;0,00;1,00;1,00;2,00;3,00;2,00;3,00;1,00;0,00;0,00;0,00;1,00;13,00;2,00;1,00;1,00;1,00
3,00;23,00;30,00;1,00;2,00;1,00;2,00;2,00;1,00;1,00;0,00;0,00;1,00;2,00;0,00;0,00;0,00;NA;1,00;0,00;0,00;0,00;0,00;0,00;0,00;0,00;1,00;1,00;0,00;1,00;1,00;1,00;2,00;0,00;0,00;2,00;9,00;0,00;0,00;1,00;1,00
3,00;27,00;30,00;1,00;2,00;1,00;1,00;2,00;2,00;0,00;0,00;0,00;0,00;2,00;0,00;0,00;0,00;NA;1,00;0,00;1,00;0,00;1,00;0,00;1,00;1,00;1,00;1,00;2,00;3,00;2,00;2,00;2,00;1,00;0,00;1,00;15,00;4,00;1,00;1,00;1,00
3,00;22,00;30,00;1,00;2,00;1,00;1,00;2,00;1,00;5,00;0,00;0,00;6,00;2,00;0,00;0,00;0,00;NA;0,00;1,00;1,00;0,00;1,00;1,00;1,00;1,00;3,00;3,00;2,00;3,00;3,00;2,00;3,00;0,00;0,00;3,00;22,00;6,00;1,00;1,00;1,00
3,00;20,00;32,00;2,00;2,00;1,00;2,00;2,00;2,00;0,00;0,00;0,00;0,00;2,00;0,00;0,00;0,00;NA;0,00;1,00;0,00;0,00;0,00;0,00;0,00;0,00;2,00;1,00;1,00;3,00;1,00;1,00;1,00;2,00;0,00;2,00;14,00;1,00;1,00;1,00;1,00
10,00;30,00;40,00;1,00;1,00;1,00;1,00;1,00;1,00;4,00;5,00;0,00;15,00;1,00;1,00;0,00;13,00;1,00;0,00;0,00;0,00;0,00;1,00;1,00;0,00;0,00;1,00;1,00;2,00;2,00;3,00;1,00;3,00;2,00;0,00;2,00;17,00;2,00;1,00;1,00;3,00
8,00;23,00;36,00;2,00;2,00;1,00;1,00;2,00;1,00;1,00;4,00;0,00;3,00;2,00;0,00;0,00;0,00;NA;1,00;1,00;0,00;0,00;1,00;1,00;1,00;0,00;3,00;2,00;2,00;2,00;3,00;1,00;3,00;3,00;1,00;2,00;22,00;4,00;1,00;1,00;2,00
8,00;22,00;36,00;1,00;1,00;1,00;2,00;2,00;2,00;0,00;0,00;0,00;0,00;1,00;2,00;15,00;4,00;0,00;0,00;0,00;0,00;0,00;0,00;0,00;0,00;0,00;0,00;0,00;1,00;1,00;0,00;0,00;1,00;0,00;0,00;1,00;4,00;0,00;0,00;0,00;2,00
8,00;24,00;36,00;1,00;1,00;1,00;1,00;2,00;2,00;0,00;0,00;0,00;0,00;2,00;0,00;0,00;0,00;NA;1,00;0,00;0,00;0,00;0,00;0,00;1,00;0,00;1,00;1,00;0,00;3,00;0,00;0,00;1,00;0,00;0,00;1,00;7,00;1,00;1,00;0,00;2,00
8,00;22,00;36,00;2,00;1,00;1,00;2,00;2,00;2,00;0,00;0,00;0,00;0,00;2,00;0,00;0,00;0,00;NA;1,00;0,00;0,00;0,00;0,00;0,00;0,00;0,00;1,00;0,00;0,00;2,00;1,00;0,00;1,00;2,00;0,00;0,00;7,00;0,00;0,00;0,00;2,00
8,00;27,00;36,00;2,00;2,00;1,00;2,00;2,00;2,00;0,00;0,00;0,00;0,00;2,00;0,00;0,00;0,00;NA;0,00;0,00;0,00;0,00;0,00;0,00;0,00;0,00;2,00;2,00;2,00;2,00;0,00;2,00;2,00;1,00;0,00;1,00;14,00;0,00;0,00;1,00;2,00
8,00;24,00;36,00;2,00;1,00;1,00;2,00;2,00;1,00;5,00;0,00;0,00;17,00;2,00;0,00;0,00;0,00;NA;1,00;0,00;0,00;0,00;0,00;1,00;0,00;0,00;0,00;0,00;1,00;1,00;1,00;1,00;1,00;0,00;0,00;0,00;5,00;1,00;1,00;0,00;2,00
8,00;22,00;36,00;1,00;2,00;1,00;2,00;2,00;2,00;0,00;0,00;0,00;0,00;2,00;0,00;0,00;0,00;NA;1,00;0,00;0,00;0,00;0,00;0,00;1,00;0,00;0,00;1,00;1,00;1,00;0,00;0,00;1,00;0,00;0,00;0,00;4,00;1,00;1,00;0,00;2,00
8,00;24,00;36,00;1,00;2,00;1,00;2,00;1,00;1,00;1,00;0,00;0,00;1,50;2,00;0,00;0,00;0,00;NA;1,00;0,00;0,00;0,00;0,00;0,00;0,00;0,00;1,00;0,00;2,00;2,00;1,00;0,00;1,00;0,00;0,00;0,00;7,00;0,00;0,00;0,00;2,00
8,00;25,00;36,00;1,00;1,00;1,00;2,00;1,00;2,00;0,00;0,00;0,00;0,00;2,00;0,00;0,00;0,00;NA;0,00;0,00;0,00;0,00;0,00;0,00;1,00;0,00;1,00;1,00;1,00;2,00;2,00;1,00;2,00;1,00;0,00;1,00;12,00;1,00;1,00;1,00;2,00
8,00;28,00;36,00;1,00;1,00;1,00;2,00;2,00;1,00;1,00;0,00;0,00;2,00;2,00;0,00;0,00;0,00;NA;0,00;0,00;0,00;0,00;0,00;0,00;0,00;0,00;2,00;1,00;1,00;2,00;1,00;2,00;2,00;2,00;0,00;3,00;16,00;0,00;0,00;1,00;2,00
8,00;22,00;36,00;1,00;1,00;1,00;2,00;2,00;2,00;0,00;0,00;0,00;0,00;2,00;0,00;0,00;0,00;NA;1,00;0,00;0,00;0,00;0,00;0,00;0,00;0,00;1,00;1,00;1,00;1,00;0,00;0,00;0,00;0,00;0,00;0,00;4,00;0,00;0,00;0,00;2,00
8,00;23,00;36,00;1,00;2,00;1,00;2,00;2,00;2,00;0,00;0,00;0,00;0,00;1,00;16,00;0,00;0,50;1,00;1,00;0,00;0,00;0,00;0,00;0,00;0,00;0,00;1,00;0,00;1,00;1,00;2,00;1,00;1,00;0,00;0,00;0,00;7,00;0,00;0,00;0,00;2,00
8,00;24,00;36,00;1,00;2,00;1,00;2,00;2,00;2,00;0,00;0,00;0,00;0,00;2,00;0,00;0,00;0,00;NA;1,00;1,00;0,00;0,00;0,00;1,00;1,00;0,00;0,00;0,00;1,00;1,00;1,00;1,00;0,00;0,00;0,00;0,00;4,00;3,00;1,00;0,00;2,00
11,00;25,00;32,00;2,00;4,00;1,00;2,00;2,00;2,00;0,00;0,00;0,00;0,00;2,00;0,00;0,00;0,00;NA;1,00;0,00;0,00;0,00;0,00;0,00;0,00;0,00;2,00;1,00;1,00;2,00;1,00;0,00;1,00;1,00;0,00;1,00;10,00;0,00;0,00;1,00;3,00
11,00;27,00;32,00;1,00;3,00;1,00;2,00;2,00;2,00;0,00;0,00;0,00;0,00;2,00;0,00;0,00;0,00;NA;1,00;0,00;0,00;0,00;0,00;0,00;0,00;0,00;0,00;0,00;0,00;0,00;0,00;0,00;1,00;0,00;0,00;0,00;1,00;0,00;0,00;0,00;3,00
11,00;28,00;32,00;1,00;4,00;1,00;2,00;2,00;2,00;0,00;0,00;0,00;0,00;2,00;0,00;0,00;0,00;NA;1,00;0,00;0,00;0,00;0,00;0,00;1,00;0,00;1,00;0,00;2,00;2,00;1,00;0,00;1,00;0,00;0,00;0,00;7,00;1,00;1,00;0,00;3,00
12,00;26,00;28,00;2,00;2,00;1,00;2,00;2,00;2,00;0,00;0,00;0,00;0,00;2,00;0,00;0,00;0,00;NA;0,00;0,00;0,00;1,00;1,00;1,00;0,00;0,00;2,00;2,00;1,00;1,00;2,00;1,00;1,00;1,00;1,00;1,00;13,00;3,00;1,00;1,00;3,00
11,00;27,00;28,00;1,00;1,00;0,00;1,00;2,00;2,00;0,00;0,00;0,00;0,00;1,00;5,00;0,00;3,00;1,00;0,00;0,00;1,00;0,00;0,00;1,00;0,00;1,00;0,00;0,00;1,00;1,00;1,00;1,00;2,00;0,00;0,00;1,00;7,00;3,00;1,00;0,00;3,00
11,00;22,00;28,00;2,00;3,00;1,00;1,00;2,00;2,00;0,00;0,00;0,00;0,00;1,00;2,00;5,00;5,00;1,00;1,00;1,00;0,00;0,00;0,00;0,00;0,00;1,00;1,00;0,00;1,00;1,00;3,00;0,00;2,00;1,00;0,00;1,00;10,00;2,00;1,00;1,00;3,00
11,00;26,00;28,00;1,00;1,00;1,00;2,00;2,00;2,00;0,00;0,00;0,00;0,00;2,00;0,00;0,00;0,00;NA;0,00;0,00;0,00;0,00;0,00;0,00;0,00;0,00;1,00;1,00;2,00;2,00;1,00;1,00;1,00;1,00;0,00;1,00;11,00;0,00;0,00;1,00;3,00
9,00;24,00;28,00;1,00;2,00;1,00;1,00;1,00;2,00;0,00;0,00;0,00;0,00;2,00;0,00;0,00;0,00;NA;1,00;0,00;0,00;0,00;0,00;1,00;0,00;0,00;0,00;0,00;1,00;1,00;1,00;0,00;1,00;1,00;0,00;0,00;5,00;1,00;1,00;0,00;3,00
10,00;25,00;40,00;1,00;1,00;1,00;2,00;1,00;2,00;0,00;0,00;0,00;0,00;1,00;1,00;0,00;7,00;1,00;0,00;1,00;0,00;0,00;0,00;0,00;0,00;0,00;2,00;0,00;1,00;1,00;1,00;0,00;1,00;0,00;0,00;0,00;6,00;1,00;1,00;0,00;3,00
10,00;23,00;40,00;1,00;2,00;1,00;2,00;1,00;1,00;1,00;4,00;0,00;3,00;2,00;0,00;0,00;0,00;NA;0,00;1,00;0,00;0,00;0,00;1,00;1,00;0,00;1,00;0,00;3,00;3,00;1,00;1,00;1,00;1,00;0,00;1,00;12,00;3,00;1,00;1,00;3,00
11,00;26,00;30,00;2,00;2,00;1,00;1,00;1,00;1,00;1,00;0,00;0,00;3,00;2,00;0,00;0,00;0,00;NA;1,00;0,00;0,00;0,00;0,00;0,00;1,00;0,00;2,00;2,00;2,00;3,00;1,00;1,00;2,00;0,00;1,00;1,00;15,00;1,00;1,00;1,00;3,00
11,00;25,00;30,00;1,00;3,00;1,00;1,00;2,00;1,00;4,00;0,00;0,00;3,00;2,00;0,00;0,00;0,00;NA;0,00;0,00;0,00;0,00;0,00;0,00;0,00;0,00;0,00;0,00;0,00;1,00;1,00;0,00;0,00;0,00;0,00;1,00;3,00;0,00;0,00;0,00;3,00
10,00;28,00;28,00;1,00;2,00;1,00;1,00;1,00;1,00;1,00;5,00;0,00;10,00;1,00;5,00;0,00;5,00;1,00;0,00;1,00;0,00;0,00;0,00;0,00;1,00;1,00;1,00;0,00;1,00;1,00;1,00;0,00;2,00;1,00;0,00;1,00;8,00;3,00;1,00;0,00;3,00
10,00;25,00;28,00;1,00;1,00;1,00;2,00;1,00;1,00;1,00;0,00;0,00;8,00;2,00;0,00;0,00;0,00;NA;1,00;1,00;0,00;0,00;0,00;0,00;1,00;0,00;0,00;1,00;1,00;1,00;1,00;0,00;0,00;0,00;0,00;0,00;4,00;2,00;1,00;0,00;3,00
10,00;24,00;28,00;1,00;2,00;1,00;2,00;1,00;2,00;0,00;0,00;0,00;0,00;2,00;0,00;0,00;0,00;NA;1,00;0,00;0,00;0,00;0,00;0,00;1,00;0,00;1,00;1,00;0,00;1,00;1,00;1,00;1,00;1,00;0,00;1,00;8,00;1,00;1,00;0,00;3,00
10,00;26,00;40,00;1,00;2,00;1,00;2,00;2,00;2,00;0,00;0,00;0,00;0,00;1,00;17,00;0,00;1,00;0,00;0,00;0,00;0,00;0,00;0,00;0,00;0,00;0,00;1,00;1,00;1,00;1,00;2,00;0,00;0,00;1,00;0,00;1,00;8,00;0,00;0,00;0,00;3,00
8,00;23,00;36,00;1,00;3,00;1,00;2,00;2,00;2,00;0,00;0,00;0,00;0,00;2,00;0,00;0,00;0,00;NA;1,00;1,00;0,00;1,00;0,00;0,00;1,00;0,00;3,00;3,00;3,00;3,00;2,00;2,00;3,00;2,00;1,00;2,00;24,00;3,00;1,00;1,00;2,00
11,00;25,00;33,00;2,00;2,00;2,00;2,00;1,00;2,00;0,00;0,00;0,00;0,00;2,00;0,00;0,00;0,00;NA;1,00;1,00;0,00;0,00;1,00;0,00;1,00;0,00;1,00;1,00;1,00;2,00;1,00;1,00;3,00;1,00;0,00;1,00;12,00;3,00;1,00;1,00;3,00
8,00;21,00;36,00;1,00;2,00;1,00;2,00;2,00;2,00;0,00;0,00;0,00;0,00;2,00;0,00;0,00;0,00;NA;0,00;1,00;0,00;0,00;0,00;0,00;1,00;0,00;3,00;1,00;2,00;3,00;1,00;1,00;2,00;0,00;0,00;2,00;15,00;2,00;1,00;1,00;2,00
5,00;20,00;32,00;1,00;2,00;1,00;2,00;2,00;2,00;0,00;0,00;0,00;0,00;2,00;0,00;0,00;0,00;NA;1,00;0,00;0,00;1,00;0,00;0,00;0,00;0,00;2,00;3,00;3,00;3,00;0,00;2,00;2,00;3,00;0,00;1,00;19,00;1,00;1,00;1,00;2,00
5,00;20,00;32,00;1,00;2,00;1,00;2,00;2,00;2,00;0,00;0,00;0,00;0,00;2,00;0,00;0,00;0,00;NA;1,00;0,00;0,00;0,00;0,00;0,00;0,00;0,00;2,00;1,00;2,00;3,00;3,00;1,00;2,00;0,00;0,00;1,00;15,00;0,00;0,00;1,00;2,00
7,00;21,00;36,00;1,00;1,00;1,00;2,00;2,00;2,00;0,00;0,00;0,00;0,00;1,00;18,00;0,00;20,00;0,00;1,00;1,00;0,00;0,00;1,00;1,00;0,00;0,00;2,00;1,00;3,00;3,00;0,00;1,00;1,00;1,00;0,00;1,00;13,00;3,00;1,00;1,00;2,00
7,00;22,00;38,00;2,00;2,00;1,00;2,00;1,00;2,00;0,00;0,00;0,00;0,00;2,00;0,00;0,00;0,00;NA;1,00;0,00;0,00;1,00;0,00;0,00;1,00;1,00;1,00;1,00;3,00;2,00;1,00;0,00;0,00;1,00;0,00;0,00;9,00;3,00;1,00;1,00;2,00
7,00;21,00;36,00;1,00;1,00;0,00;2,00;1,00;2,00;0,00;0,00;0,00;0,00;1,00;1,00;4,00;10,00;0,00;0,00;0,00;0,00;0,00;0,00;0,00;0,00;0,00;3,00;2,00;3,00;3,00;3,00;2,00;3,00;1,00;0,00;2,00;22,00;0,00;0,00;1,00;2,00
2,00;23,00;30,00;1,00;1,00;1,00;2,00;1,00;2,00;0,00;0,00;0,00;0,00;2,00;0,00;0,00;0,00;NA;1,00;0,00;0,00;0,00;0,00;0,00;0,00;0,00;2,00;1,00;3,00;3,00;3,00;1,00;2,00;0,00;0,00;0,00;15,00;0,00;0,00;1,00;1,00
11,00;27,00;28,00;2,00;2,00;1,00;2,00;2,00;2,00;0,00;0,00;0,00;0,00;2,00;0,00;0,00;0,00;NA;1,00;0,00;0,00;0,00;0,00;0,00;0,00;0,00;0,00;1,00;2,00;1,00;0,00;0,00;0,00;0,00;0,00;1,00;5,00;0,00;0,00;0,00;3,00
11,00;25,00;28,00;1,00;2,00;1,00;2,00;2,00;2,00;0,00;0,00;0,00;0,00;2,00;0,00;0,00;0,00;NA;0,00;0,00;0,00;0,00;0,00;0,00;0,00;0,00;1,00;1,00;0,00;1,00;1,00;1,00;0,00;0,00;0,00;0,00;5,00;2,00;1,00;0,00;3,00
2,00;21,00;30,00;1,00;1,00;1,00;2,00;2,00;2,00;0,00;0,00;0,00;0,00;2,00;0,00;0,00;0,00;NA;0,00;0,00;0,00;0,00;0,00;0,00;0,00;1,00;1,00;1,00;1,00;1,00;2,00;0,00;0,00;2,00;0,00;1,00;9,00;1,00;1,00;1,00;1,00
2,00;19,00;30,00;1,00;2,00;1,00;1,00;1,00;1,00;5,00;0,00;0,00;2,00;2,00;0,00;0,00;0,00;NA;1,00;0,00;0,00;0,00;0,00;0,00;0,00;0,00;1,00;1,00;2,00;2,00;3,00;0,00;2,00;2,00;0,00;1,00;14,00;0,00;0,00;1,00;1,00
2,00;21,00;0,00;1,00;1,00;1,00;1,00;1,00;1,00;5,00;0,00;0,00;0,00;2,00;0,00;0,00;0,00;NA;0,00;0,00;0,00;0,00;1,00;1,00;0,00;0,00;0,00;2,00;0,00;3,00;3,00;2,00;2,00;0,00;0,00;1,00;13,00;2,00;1,00;1,00;1,00
2,00;21,00;34,00;1,00;2,00;2,00;1,00;1,00;1,00;5,00;0,00;0,00;4,00;2,00;0,00;0,00;0,00;NA;1,00;0,00;0,00;0,00;1,00;1,00;1,00;1,00;0,00;1,00;2,00;2,00;1,00;0,00;0,00;1,00;0,00;2,00;9,00;4,00;1,00;1,00;1,00
2,00;17,00;30,00;1,00;2,00;1,00;2,00;2,00;1,00;1,00;0,00;0,00;3,00;2,00;0,00;0,00;0,00;NA;0,00;0,00;0,00;0,00;0,00;0,00;0,00;0,00;0,00;0,00;1,00;1,00;3,00;0,00;0,00;0,00;0,00;1,00;6,00;0,00;0,00;0,00;1,00
2,00;21,00;30,00;1,00;1,00;1,00;1,00;2,00;2,00;0,00;0,00;0,00;0,00;1,00;19,00;0,00;7,00;1,00;1,00;0,00;0,00;0,00;0,00;0,00;1,00;1,00;1,00;1,00;1,00;1,00;1,00;1,00;2,00;2,00;0,00;1,00;11,00;2,00;1,00;1,00;1,00
2,00;24,00;30,00;1,00;1,00;1,00;1,00;1,00;2,00;0,00;0,00;0,00;0,00;1,00;5,00;0,00;1,00;1,00;0,00;0,00;0,00;0,00;1,00;1,00;0,00;1,00;1,00;0,00;1,00;2,00;1,00;0,00;1,00;0,00;0,00;0,00;6,00;3,00;1,00;0,00;1,00
2,00;22,00;30,00;1,00;2,00;1,00;2,00;2,00;2,00;0,00;0,00;0,00;0,00;2,00;0,00;0,00;0,00;NA;1,00;1,00;0,00;0,00;0,00;0,00;1,00;0,00;1,00;1,00;2,00;2,00;2,00;1,00;1,00;0,00;0,00;1,00;11,00;2,00;1,00;1,00;1,00
5,00;25,00;28,00;2,00;1,00;1,00;2,00;1,00;2,00;0,00;0,00;0,00;0,00;2,00;0,00;0,00;0,00;NA;1,00;1,00;0,00;0,00;0,00;0,00;1,00;0,00;2,00;1,00;2,00;2,00;3,00;2,00;2,00;1,00;0,00;2,00;17,00;2,00;1,00;1,00;2,00
5,00;23,00;28,00;2,00;2,00;1,00;2,00;2,00;2,00;0,00;0,00;0,00;0,00;2,00;0,00;0,00;0,00;NA;1,00;0,00;0,00;0,00;0,00;0,00;0,00;0,00;1,00;0,00;0,00;1,00;1,00;1,00;1,00;0,00;0,00;1,00;6,00;0,00;0,00;0,00;2,00
5,00;20,00;40,00;1,00;1,00;1,00;2,00;2,00;2,00;0,00;0,00;0,00;0,00;2,00;0,00;0,00;0,00;NA;1,00;0,00;0,00;0,00;0,00;1,00;0,00;0,00;2,00;1,00;0,00;2,00;3,00;1,00;1,00;1,00;0,00;1,00;12,00;1,00;1,00;1,00;2,00
5,00;23,00;36,00;1,00;2,00;1,00;2,00;2,00;2,00;0,00;0,00;0,00;0,00;2,00;0,00;0,00;0,00;NA;0,00;0,00;0,00;1,00;0,00;0,00;0,00;0,00;1,00;1,00;3,00;2,00;3,00;2,00;2,00;1,00;0,00;2,00;17,00;1,00;1,00;1,00;2,00
5,00;27,00;40,00;1,00;2,00;1,00;2,00;2,00;2,00;0,00;0,00;0,00;0,00;2,00;0,00;0,00;0,00;NA;0,00;1,00;0,00;0,00;0,00;0,00;0,00;0,00;1,00;3,00;3,00;3,00;3,00;2,00;2,00;1,00;1,00;2,00;21,00;1,00;1,00;1,00;2,00
5,00;22,00;28,00;2,00;1,00;1,00;1,00;2,00;2,00;0,00;0,00;0,00;0,00;2,00;0,00;0,00;0,00;NA;1,00;0,00;0,00;0,00;0,00;0,00;0,00;0,00;1,00;1,00;0,00;3,00;0,00;0,00;2,00;0,00;0,00;0,00;7,00;0,00;0,00;0,00;2,00
5,00;21,00;28,00;2,00;1,00;1,00;2,00;1,00;1,00;6,00;4,00;1,00;13,00;2,00;0,00;0,00;0,00;NA;0,00;1,00;0,00;0,00;0,00;0,00;0,00;0,00;2,00;0,00;2,00;2,00;3,00;0,00;2,00;3,00;0,00;1,00;15,00;1,00;1,00;1,00;2,00
8,00;23,00;36,00;2,00;1,00;1,00;1,00;2,00;2,00;0,00;0,00;0,00;0,00;2,00;0,00;0,00;0,00;NA;1,00;0,00;1,00;0,00;0,00;0,00;0,00;1,00;0,00;0,00;1,00;2,00;3,00;0,00;3,00;0,00;0,00;0,00;9,00;2,00;1,00;1,00;2,00
6,00;37,00;0,00;1,00;1,00;1,00;2,00;2,00;2,00;0,00;0,00;0,00;0,00;2,00;0,00;0,00;0,00;NA;0,00;0,00;0,00;0,00;0,00;0,00;0,00;0,00;2,00;1,00;2,00;3,00;1,00;1,00;1,00;2,00;0,00;1,00;14,00;0,00;0,00;1,00;2,00
6,00;22,00;36,00;1,00;2,00;1,00;1,00;2,00;2,00;0,00;0,00;0,00;0,00;1,00;16,00;0,00;6,00;0,00;0,00;0,00;0,00;0,00;0,00;0,00;0,00;1,00;0,00;1,00;0,00;2,00;2,00;1,00;0,00;0,00;0,00;0,00;6,00;1,00;1,00;0,00;2,00
6,00;20,00;36,00;1,00;1,00;1,00;1,00;2,00;2,00;0,00;0,00;0,00;0,00;2,00;0,00;0,00;0,00;NA;0,00;0,00;0,00;0,00;0,00;0,00;0,00;0,00;0,00;0,00;0,00;3,00;0,00;0,00;0,00;0,00;0,00;0,00;3,00;0,00;0,00;0,00;2,00
6,00;20,00;36,00;1,00;1,00;1,00;1,00;2,00;2,00;0,00;0,00;0,00;0,00;1,00;12,00;0,00;1,00;1,00;1,00;0,00;0,00;0,00;1,00;0,00;0,00;0,00;0,00;0,00;0,00;3,00;0,00;0,00;0,00;1,00;0,00;0,00;4,00;1,00;1,00;0,00;2,00
5,00;25,00;32,00;1,00;1,00;1,00;2,00;1,00;2,00;0,00;0,00;0,00;0,00;2,00;0,00;0,00;0,00;NA;1,00;0,00;0,00;1,00;0,00;1,00;0,00;0,00;2,00;3,00;1,00;3,00;2,00;3,00;2,00;0,00;0,00;1,00;17,00;2,00;1,00;1,00;2,00
4,00;22,00;36,00;1,00;2,00;1,00;2,00;1,00;2,00;0,00;0,00;0,00;0,00;2,00;0,00;0,00;0,00;NA;1,00;0,00;0,00;0,00;1,00;0,00;0,00;0,00;1,00;1,00;3,00;2,00;2,00;2,00;1,00;0,00;0,00;2,00;14,00;1,00;1,00;1,00;2,00
4,00;27,00;36,00;2,00;2,00;1,00;2,00;1,00;2,00;0,00;0,00;0,00;0,00;2,00;0,00;0,00;0,00;NA;1,00;1,00;0,00;0,00;0,00;0,00;1,00;0,00;2,00;2,00;2,00;2,00;2,00;2,00;2,00;2,00;0,00;1,00;17,00;2,00;1,00;1,00;2,00
4,00;22,00;36,00;1,00;1,00;1,00;2,00;1,00;2,00;0,00;0,00;0,00;0,00;2,00;0,00;0,00;0,00;NA;1,00;1,00;0,00;0,00;0,00;0,00;0,00;0,00;0,00;0,00;0,00;1,00;0,00;0,00;1,00;0,00;0,00;1,00;3,00;1,00;1,00;0,00;2,00
4,00;24,00;36,00;2,00;2,00;1,00;2,00;2,00;2,00;0,00;0,00;0,00;0,00;2,00;0,00;0,00;0,00;NA;1,00;0,00;0,00;0,00;0,00;0,00;0,00;1,00;1,00;0,00;2,00;1,00;1,00;1,00;2,00;1,00;0,00;0,00;9,00;1,00;1,00;1,00;2,00
4,00;23,00;36,00;1,00;4,00;1,00;2,00;2,00;2,00;0,00;0,00;0,00;0,00;2,00;0,00;0,00;0,00;NA;0,00;1,00;0,00;1,00;0,00;0,00;0,00;0,00;1,00;1,00;1,00;1,00;1,00;2,00;0,00;0,00;0,00;1,00;8,00;2,00;1,00;0,00;2,00
4,00;19,00;36,00;1,00;1,00;1,00;1,00;2,00;2,00;0,00;0,00;0,00;0,00;2,00;0,00;0,00;0,00;NA;1,00;1,00;0,00;1,00;1,00;1,00;0,00;0,00;1,00;0,00;2,00;2,00;2,00;1,00;2,00;3,00;0,00;2,00;15,00;4,00;1,00;1,00;2,00
4,00;20,00;36,00;1,00;1,00;1,00;2,00;2,00;1,00;1,00;0,00;0,00;3,00;2,00;0,00;0,00;0,00;NA;0,00;0,00;0,00;0,00;0,00;1,00;0,00;0,00;0,00;1,00;2,00;1,00;2,00;0,00;0,00;0,00;0,00;1,00;7,00;1,00;1,00;0,00;2,00
4,00;21,00;36,00;1,00;1,00;1,00;1,00;2,00;1,00;3,00;0,00;0,00;5,00;2,00;0,00;0,00;0,00;NA;1,00;0,00;0,00;0,00;0,00;0,00;1,00;1,00;1,00;1,00;2,00;2,00;2,00;0,00;0,00;0,00;0,00;1,00;9,00;2,00;1,00;1,00;2,00
4,00;21,00;36,00;1,00;2,00;1,00;2,00;1,00;1,00;1,00;0,00;0,00;3,00;2,00;0,00;0,00;0,00;NA;1,00;1,00;0,00;0,00;0,00;0,00;0,00;0,00;1,00;1,00;0,00;1,00;1,00;0,00;0,00;0,00;0,00;0,00;4,00;1,00;1,00;0,00;2,00
4,00;21,00;36,00;1,00;2,00;1,00;1,00;1,00;2,00;0,00;0,00;0,00;0,00;1,00;5,00;0,00;10,00;1,00;1,00;0,00;1,00;0,00;0,00;0,00;0,00;0,00;1,00;1,00;0,00;1,00;1,00;1,00;0,00;0,00;0,00;1,00;6,00;1,00;1,00;0,00;2,00
4,00;20,00;36,00;1,00;2,00;1,00;2,00;1,00;2,00;0,00;0,00;0,00;0,00;2,00;0,00;0,00;0,00;NA;1,00;0,00;1,00;1,00;1,00;0,00;0,00;0,00;1,00;0,00;3,00;1,00;1,00;0,00;1,00;0,00;0,00;1,00;8,00;3,00;1,00;0,00;2,00
4,00;21,00;36,00;2,00;1,00;1,00;2,00;2,00;2,00;0,00;0,00;0,00;0,00;2,00;0,00;0,00;0,00;NA;0,00;1,00;0,00;0,00;0,00;0,00;1,00;0,00;1,00;0,00;1,00;2,00;0,00;1,00;1,00;0,00;0,00;2,00;8,00;2,00;1,00;0,00;2,00
4,00;21,00;34,00;2,00;2,00;1,00;2,00;2,00;2,00;0,00;0,00;0,00;0,00;2,00;0,00;0,00;0,00;NA;0,00;0,00;0,00;0,00;0,00;0,00;1,00;0,00;1,00;0,00;1,00;1,00;0,00;0,00;0,00;1,00;0,00;0,00;4,00;1,00;1,00;0,00;2,00
4,00;20,00;32,00;1,00;3,00;1,00;2,00;1,00;1,00;7,00;0,00;0,00;17,00;2,00;0,00;0,00;0,00;NA;0,00;1,00;0,00;0,00;1,00;1,00;0,00;0,00;2,00;2,00;3,00;3,00;3,00;1,00;1,00;2,00;1,00;1,00;19,00;3,00;1,00;1,00;2,00
4,00;22,00;32,00;1,00;2,00;1,00;2,00;2,00;2,00;0,00;0,00;0,00;0,00;2,00;0,00;0,00;0,00;NA;0,00;1,00;0,00;0,00;0,00;0,00;0,00;0,00;1,00;1,00;2,00;3,00;2,00;1,00;1,00;0,00;0,00;1,00;12,00;1,00;1,00;1,00;2,00
4,00;19,00;32,00;1,00;1,00;1,00;2,00;2,00;1,00;1,00;0,00;0,00;2,00;2,00;0,00;0,00;0,00;NA;0,00;0,00;0,00;0,00;0,00;1,00;0,00;0,00;1,00;2,00;3,00;3,00;3,00;2,00;1,00;0,00;0,00;1,00;16,00;1,00;1,00;1,00;2,00
11,00;31,00;28,00;1,00;2,00;1,00;2,00;2,00;2,00;0,00;0,00;0,00;0,00;2,00;0,00;0,00;0,00;NA;1,00;0,00;0,00;0,00;0,00;0,00;0,00;0,00;1,00;0,00;0,00;1,00;1,00;0,00;0,00;0,00;0,00;1,00;4,00;0,00;0,00;0,00;3,00
7,00;23,00;36,00;1,00;1,00;1,00;2,00;2,00;2,00;0,00;0,00;0,00;0,00;2,00;0,00;0,00;0,00;NA;0,00;0,00;0,00;0,00;0,00;0,00;0,00;0,00;0,00;0,00;1,00;0,00;0,00;0,00;1,00;0,00;0,00;1,00;3,00;0,00;0,00;0,00;2,00
9,00;23,00;28,00;1,00;2,00;1,00;1,00;2,00;2,00;0,00;0,00;0,00;0,00;2,00;0,00;0,00;0,00;NA;0,00;0,00;0,00;0,00;0,00;0,00;0,00;1,00;2,00;1,00;2,00;2,00;1,00;1,00;1,00;0,00;0,00;1,00;11,00;1,00;1,00;1,00;3,00
9,00;29,00;28,00;1,00;2,00;1,00;2,00;1,00;2,00;0,00;0,00;0,00;0,00;2,00;0,00;0,00;0,00;NA;1,00;0,00;0,00;0,00;0,00;0,00;0,00;0,00;1,00;0,00;1,00;3,00;2,00;0,00;1,00;0,00;0,00;2,00;10,00;0,00;0,00;1,00;3,00
9,00;23,00;28,00;1,00;2,00;1,00;2,00;2,00;2,00;0,00;0,00;0,00;0,00;2,00;0,00;0,00;0,00;NA;0,00;0,00;0,00;0,00;0,00;0,00;1,00;0,00;1,00;2,00;1,00;1,00;2,00;1,00;1,00;2,00;1,00;2,00;14,00;1,00;1,00;1,00;3,00
10,00;25,00;28,00;1,00;2,00;1,00;2,00;1,00;1,00;1,00;5,00;7,00;18,00;2,00;0,00;0,00;0,00;NA;0,00;0,00;0,00;0,00;0,00;0,00;0,00;0,00;2,00;0,00;0,00;3,00;1,00;0,00;3,00;1,00;0,00;3,00;13,00;0,00;0,00;1,00;3,00
9,00;27,00;28,00;1,00;2,00;1,00;2,00;2,00;2,00;0,00;0,00;0,00;0,00;2,00;0,00;0,00;0,00;NA;0,00;1,00;0,00;0,00;0,00;0,00;0,00;0,00;1,00;1,00;1,00;1,00;0,00;1,00;2,00;0,00;0,00;1,00;8,00;1,00;1,00;0,00;3,00
7,00;23,00;36,00;1,00;1,00;1,00;2,00;1,00;2,00;0,00;0,00;0,00;0,00;2,00;0,00;0,00;0,00;NA;1,00;1,00;0,00;0,00;0,00;0,00;0,00;0,00;1,00;0,00;1,00;2,00;2,00;0,00;1,00;1,00;0,00;1,00;9,00;1,00;1,00;1,00;2,00
6,00;30,00;32,00;1,00;1,00;1,00;2,00;2,00;2,00;0,00;0,00;0,00;0,00;2,00;0,00;0,00;0,00;NA;0,00;0,00;1,00;0,00;0,00;0,00;0,00;0,00;1,00;1,00;2,00;2,00;2,00;1,00;1,00;1,00;0,00;2,00;13,00;1,00;1,00;1,00;2,00
6,00;30,00;28,00;1,00;1,00;0,00;1,00;1,00;2,00;0,00;0,00;0,00;0,00;2,00;0,00;0,00;0,00;NA;0,00;1,00;0,00;0,00;0,00;0,00;0,00;0,00;2,00;1,00;1,00;3,00;2,00;2,00;2,00;1,00;0,00;2,00;16,00;1,00;1,00;1,00;2,00
11,00;25,00;28,00;2,00;2,00;1,00;2,00;2,00;2,00;0,00;0,00;0,00;0,00;2,00;0,00;0,00;0,00;NA;1,00;1,00;0,00;0,00;0,00;0,00;1,00;0,00;0,00;0,00;1,00;1,00;0,00;0,00;1,00;0,00;0,00;0,00;3,00;2,00;1,00;0,00;3,00
11,00;23,00;28,00;1,00;3,00;1,00;1,00;1,00;2,00;0,00;0,00;0,00;0,00;1,00;5,00;0,00;23,00;0,00;1,00;0,00;0,00;0,00;0,00;0,00;0,00;0,00;0,00;0,00;0,00;0,00;0,00;0,00;1,00;0,00;0,00;1,00;2,00;0,00;0,00;0,00;3,00
10,00;27,00;28,00;1,00;3,00;1,00;2,00;2,00;2,00;0,00;0,00;0,00;0,00;1,00;1,00;0,00;14,00;1,00;0,00;1,00;0,00;0,00;0,00;0,00;1,00;0,00;1,00;1,00;2,00;2,00;3,00;1,00;2,00;1,00;0,00;2,00;15,00;2,00;1,00;1,00;3,00
2,00;22,00;30,00;1,00;1,00;1,00;2,00;2,00;2,00;0,00;0,00;0,00;0,00;2,00;0,00;0,00;0,00;NA;1,00;1,00;0,00;0,00;0,00;0,00;1,00;0,00;1,00;1,00;2,00;3,00;0,00;0,00;1,00;0,00;0,00;1,00;9,00;2,00;1,00;1,00;1,00
2,00;20,00;30,00;1,00;2,00;1,00;2,00;2,00;2,00;0,00;0,00;0,00;0,00;2,00;0,00;0,00;0,00;NA;1,00;1,00;0,00;0,00;0,00;1,00;0,00;0,00;1,00;1,00;3,00;1,00;3,00;1,00;1,00;1,00;0,00;0,00;12,00;2,00;1,00;1,00;1,00
2,00;20,00;32,00;2,00;2,00;1,00;1,00;2,00;2,00;0,00;0,00;0,00;0,00;2,00;0,00;0,00;0,00;NA;1,00;0,00;0,00;1,00;0,00;0,00;0,00;0,00;1,00;1,00;1,00;0,00;1,00;2,00;2,00;0,00;0,00;1,00;9,00;1,00;1,00;1,00;1,00
2,00;19,00;30,00;1,00;1,00;1,00;2,00;1,00;2,00;0,00;0,00;0,00;0,00;2,00;0,00;0,00;0,00;NA;0,00;1,00;1,00;0,00;0,00;0,00;1,00;0,00;1,00;0,00;0,00;3,00;1,00;0,00;1,00;2,00;0,00;1,00;9,00;3,00;1,00;1,00;1,00
2,00;19,00;30,00;1,00;1,00;1,00;2,00;2,00;2,00;0,00;0,00;0,00;0,00;2,00;0,00;0,00;0,00;NA;1,00;0,00;0,00;0,00;0,00;1,00;0,00;0,00;2,00;2,00;3,00;1,00;1,00;3,00;2,00;0,00;1,00;2,00;17,00;1,00;1,00;1,00;1,00
2,00;20,00;30,00;1,00;2,00;1,00;1,00;2,00;2,00;0,00;0,00;0,00;0,00;2,00;0,00;0,00;0,00;NA;1,00;0,00;1,00;1,00;1,00;0,00;0,00;1,00;1,00;1,00;0,00;2,00;3,00;0,00;3,00;0,00;0,00;2,00;12,00;4,00;1,00;1,00;1,00
2,00;20,00;32,00;2,00;1,00;1,00;2,00;2,00;2,00;0,00;0,00;0,00;0,00;1,00;5,00;0,00;2,00;0,00;1,00;1,00;0,00;0,00;0,00;0,00;0,00;1,00;0,00;0,00;2,00;1,00;0,00;2,00;1,00;0,00;0,00;0,00;6,00;2,00;1,00;0,00;1,00
2,00;18,00;30,00;1,00;1,00;1,00;1,00;2,00;2,00;0,00;0,00;0,00;0,00;1,00;16,00;0,00;1,00;1,00;1,00;0,00;0,00;0,00;0,00;1,00;1,00;0,00;2,00;1,00;1,00;2,00;1,00;1,00;2,00;1,00;0,00;2,00;13,00;2,00;1,00;1,00;1,00
2,00;23,00;30,00;1,00;2,00;1,00;2,00;2,00;2,00;0,00;0,00;0,00;0,00;2,00;0,00;0,00;0,00;NA;0,00;0,00;0,00;0,00;0,00;0,00;1,00;0,00;1,00;1,00;1,00;1,00;1,00;1,00;1,00;1,00;0,00;1,00;9,00;1,00;1,00;1,00;1,00
2,00;20,00;30,00;1,00;2,00;1,00;2,00;2,00;2,00;0,00;0,00;0,00;0,00;2,00;0,00;0,00;0,00;NA;0,00;1,00;0,00;0,00;0,00;0,00;0,00;0,00;3,00;3,00;2,00;2,00;1,00;1,00;1,00;0,00;0,00;2,00;15,00;1,00;1,00;1,00;1,00
2,00;24,00;30,00;1,00;2,00;1,00;2,00;2,00;2,00;0,00;0,00;0,00;0,00;2,00;0,00;0,00;0,00;NA;0,00;0,00;0,00;0,00;0,00;0,00;0,00;0,00;1,00;1,00;0,00;2,00;3,00;0,00;1,00;0,00;0,00;0,00;8,00;0,00;0,00;0,00;1,00
2,00;21,00;30,00;1,00;2,00;1,00;2,00;2,00;2,00;0,00;0,00;0,00;0,00;2,00;0,00;0,00;0,00;NA;0,00;1,00;0,00;0,00;1,00;1,00;0,00;0,00;2,00;2,00;2,00;2,00;2,00;2,00;2,00;1,00;0,00;1,00;16,00;3,00;1,00;1,00;1,00
2,00;21,00;30,00;1,00;2,00;1,00;2,00;1,00;2,00;0,00;0,00;0,00;0,00;2,00;0,00;0,00;0,00;NA;1,00;1,00;0,00;0,00;0,00;0,00;0,00;0,00;2,00;1,00;1,00;2,00;2,00;2,00;1,00;0,00;0,00;0,00;11,00;1,00;1,00;1,00;1,00
2,00;19,00;30,00;1,00;1,00;1,00;2,00;1,00;2,00;0,00;0,00;0,00;0,00;2,00;0,00;0,00;0,00;NA;1,00;0,00;0,00;0,00;0,00;0,00;0,00;0,00;2,00;2,00;3,00;1,00;0,00;0,00;0,00;0,00;0,00;0,00;8,00;0,00;0,00;0,00;1,00
2,00;19,00;30,00;2,00;2,00;1,00;2,00;2,00;2,00;0,00;0,00;0,00;0,00;2,00;0,00;0,00;0,00;NA;1,00;1,00;0,00;0,00;0,00;1,00;0,00;0,00;1,00;1,00;1,00;0,00;1,00;0,00;1,00;1,00;0,00;1,00;7,00;2,00;1,00;0,00;1,00
2,00;20,00;32,00;1,00;1,00;1,00;2,00;1,00;2,00;0,00;0,00;0,00;0,00;2,00;0,00;0,00;0,00;NA;0,00;1,00;0,00;0,00;0,00;0,00;0,00;0,00;0,00;0,00;1,00;2,00;3,00;2,00;1,00;0,00;0,00;0,00;9,00;1,00;1,00;1,00;1,00
2,00;18,00;30,00;2,00;1,00;1,00;2,00;2,00;2,00;0,00;0,00;0,00;0,00;2,00;0,00;0,00;0,00;NA;1,00;1,00;0,00;0,00;0,00;0,00;0,00;0,00;1,00;0,00;1,00;2,00;1,00;0,00;2,00;0,00;0,00;0,00;7,00;1,00;1,00;0,00;1,00
2,00;20,00;30,00;1,00;1,00;;2,00;1,00;2,00;0,00;0,00;0,00;0,00;2,00;0,00;0,00;0,00;NA;1,00;1,00;1,00;0,00;1,00;0,00;0,00;0,00;1,00;1,00;0,00;1,00;1,00;1,00;1,00;0,00;0,00;1,00;7,00;3,00;1,00;0,00;1,00
2,00;19,00;30,00;1,00;2,00;1,00;2,00;1,00;1,00;4,00;0,00;0,00;0,50;1,00;0,00;0,00;7,00;0,00;0,00;0,00;0,00;0,00;0,00;0,00;1,00;0,00;1,00;1,00;2,00;3,00;3,00;0,00;1,00;0,00;0,00;1,00;12,00;1,00;1,00;1,00;1,00
2,00;19,00;30,00;1,00;2,00;1,00;2,00;2,00;2,00;0,00;0,00;0,00;0,00;2,00;0,00;0,00;0,00;NA;0,00;0,00;0,00;0,00;1,00;1,00;0,00;0,00;2,00;2,00;2,00;3,00;2,00;3,00;2,00;1,00;2,00;2,00;21,00;2,00;1,00;1,00;1,00
2,00;20,00;30,00;1,00;;1,00;2,00;2,00;2,00;0,00;0,00;0,00;0,00;2,00;0,00;0,00;0,00;NA;0,00;0,00;0,00;0,00;0,00;0,00;0,00;0,00;2,00;2,00;2,00;2,00;0,00;0,00;0,00;0,00;0,00;2,00;10,00;0,00;0,00;1,00;1,00
2,00;21,00;30,00;1,00;1,00;1,00;2,00;1,00;1,00;4,00;0,00;0,00;4,00;2,00;0,00;0,00;0,00;NA;0,00;0,00;0,00;1,00;1,00;0,00;0,00;0,00;1,00;1,00;3,00;2,00;1,00;2,00;1,00;1,00;0,00;1,00;13,00;2,00;1,00;1,00;1,00
2,00;21,00;30,00;1,00;1,00;1,00;2,00;1,00;2,00;0,00;0,00;0,00;0,00;1,00;12,00;0,00;10,00;1,00;1,00;0,00;0,00;0,00;0,00;0,00;0,00;0,00;3,00;1,00;2,00;3,00;3,00;1,00;2,00;1,00;0,00;2,00;18,00;0,00;0,00;1,00;1,00
2,00;22,00;30,00;1,00;2,00;1,00;2,00;1,00;1,00;1,00;0,00;0,00;5,00;2,00;0,00;0,00;0,00;NA;1,00;1,00;0,00;0,00;0,00;0,00;1,00;0,00;0,00;1,00;2,00;1,00;3,00;0,00;3,00;1,00;0,00;3,00;14,00;2,00;1,00;1,00;1,00
2,00;31,00;26,00;1,00;3,00;1,00;1,00;1,00;1,00;5,00;0,00;0,00;5,00;2,00;0,00;0,00;0,00;NA;0,00;0,00;1,00;1,00;1,00;1,00;0,00;0,00;1,00;2,00;3,00;2,00;3,00;1,00;1,00;2,00;0,00;2,00;17,00;4,00;1,00;1,00;1,00
2,00;26,00;30,00;2,00;1,00;1,00;1,00;2,00;2,00;0,00;0,00;0,00;0,00;1,00;2,00;0,00;8,00;1,00;1,00;0,00;1,00;0,00;1,00;1,00;1,00;1,00;1,00;1,00;2,00;3,00;3,00;3,00;3,00;3,00;1,00;1,00;21,00;5,00;1,00;1,00;1,00
2,00;18,00;30,00;2,00;1,00;1,00;1,00;2,00;2,00;0,00;0,00;0,00;0,00;2,00;0,00;0,00;0,00;NA;0,00;0,00;1,00;0,00;0,00;0,00;1,00;1,00;1,00;1,00;0,00;3,00;0,00;0,00;3,00;0,00;0,00;1,00;9,00;3,00;1,00;1,00;1,00
2,00;21,00;30,00;1,00;1,00;1,00;1,00;2,00;2,00;0,00;0,00;0,00;0,00;2,00;0,00;0,00;0,00;NA;1,00;1,00;1,00;1,00;0,00;0,00;0,00;0,00;1,00;0,00;1,00;2,00;1,00;0,00;1,00;2,00;0,00;0,00;8,00;3,00;1,00;0,00;1,00
2,00;23,00;33,00;2,00;2,00;1,00;2,00;2,00;2,00;0,00;0,00;0,00;0,00;2,00;0,00;0,00;0,00;NA;1,00;1,00;0,00;0,00;0,00;0,00;0,00;0,00;0,00;0,00;1,00;1,00;0,00;0,00;0,00;0,00;0,00;0,00;2,00;1,00;1,00;0,00;1,00
2,00;29,00;0,00;1,00;2,00;1,00;2,00;2,00;2,00;0,00;0,00;0,00;0,00;2,00;0,00;0,00;0,00;NA;0,00;1,00;0,00;0,00;0,00;0,00;0,00;0,00;0,00;1,00;1,00;1,00;0,00;0,00;1,00;0,00;0,00;1,00;5,00;1,00;1,00;0,00;1,00
8,00;22,00;36,00;1,00;1,00;1,00;2,00;2,00;2,00;0,00;0,00;0,00;0,00;2,00;0,00;0,00;0,00;NA;1,00;1,00;0,00;0,00;0,00;0,00;0,00;0,00;0,00;0,00;0,00;1,00;0,00;0,00;0,00;0,00;0,00;0,00;1,00;1,00;1,00;0,00;2,00
8,00;25,00;36,00;1,00;3,00;1,00;1,00;2,00;2,00;0,00;0,00;0,00;0,00;1,00;17,00;0,00;4,00;1,00;1,00;1,00;0,00;0,00;1,00;1,00;0,00;1,00;0,00;1,00;3,00;3,00;3,00;1,00;3,00;0,00;0,00;0,00;14,00;4,00;1,00;1,00;2,00
8,00;25,00;36,00;1,00;2,00;1,00;1,00;2,00;2,00;0,00;0,00;0,00;0,00;2,00;0,00;0,00;0,00;NA;0,00;0,00;0,00;0,00;0,00;0,00;0,00;1,00;0,00;0,00;0,00;0,00;3,00;0,00;1,00;0,00;0,00;0,00;4,00;1,00;1,00;0,00;2,00
8,00;22,00;36,00;1,00;2,00;1,00;2,00;2,00;1,00;3,00;0,00;0,00;6,00;2,00;2,00;0,00;0,00;NA;1,00;0,00;0,00;0,00;1,00;0,00;0,00;1,00;2,00;3,00;1,00;3,00;2,00;0,00;2,00;2,00;0,00;1,00;16,00;2,00;1,00;1,00;2,00
8,00;24,00;28,00;1,00;1,00;1,00;2,00;2,00;2,00;0,00;0,00;0,00;0,00;2,00;0,00;0,00;0,00;NA;0,00;0,00;0,00;0,00;0,00;0,00;0,00;0,00;3,00;2,00;2,00;2,00;1,00;1,00;1,00;1,00;0,00;2,00;15,00;0,00;0,00;1,00;2,00
8,00;21,00;36,00;1,00;2,00;1,00;1,00;2,00;1,00;1,00;4,00;0,00;2,00;2,00;0,00;0,00;0,00;NA;1,00;0,00;0,00;0,00;0,00;0,00;0,00;1,00;2,00;1,00;2,00;3,00;3,00;1,00;1,00;0,00;1,00;1,00;15,00;1,00;1,00;1,00;2,00
8,00;25,00;36,00;1,00;4,00;1,00;1,00;2,00;2,00;0,00;0,00;0,00;0,00;2,00;0,00;0,00;0,00;NA;0,00;1,00;0,00;0,00;0,00;1,00;0,00;1,00;1,00;1,00;3,00;3,00;1,00;1,00;1,00;0,00;0,00;2,00;13,00;3,00;1,00;1,00;2,00
8,00;24,00;36,00;1,00;4,00;2,00;2,00;2,00;1,00;3,00;0,00;0,00;1,00;2,00;0,00;0,00;0,00;NA;0,00;0,00;0,00;0,00;0,00;0,00;0,00;0,00;0,00;0,00;0,00;3,00;0,00;2,00;1,00;0,00;0,00;1,00;7,00;0,00;0,00;0,00;2,00
8,00;23,00;36,00;1,00;4,00;1,00;2,00;2,00;2,00;0,00;0,00;0,00;0,00;2,00;0,00;0,00;0,00;NA;0,00;0,00;0,00;0,00;0,00;0,00;1,00;0,00;1,00;1,00;2,00;2,00;2,00;0,00;0,00;0,00;0,00;0,00;8,00;1,00;1,00;0,00;2,00
8,00;26,00;32,00;1,00;2,00;2,00;2,00;2,00;2,00;0,00;0,00;0,00;0,00;2,00;0,00;0,00;0,00;NA;1,00;0,00;0,00;0,00;0,00;0,00;0,00;0,00;1,00;1,00;0,00;3,00;1,00;1,00;2,00;0,00;0,00;1,00;10,00;0,00;0,00;1,00;2,00
8,00;26,00;32,00;1,00;2,00;1,00;1,00;1,00;1,00;1,00;4,00;0,00;10,00;1,00;5,00;0,00;26,00;1,00;0,00;0,00;0,00;0,00;0,00;0,00;0,00;1,00;3,00;3,00;3,00;3,00;0,00;3,00;3,00;1,00;2,00;1,00;22,00;1,00;1,00;1,00;2,00
8,00;25,00;36,00;1,00;2,00;1,00;2,00;2,00;2,00;0,00;0,00;0,00;0,00;2,00;0,00;0,00;0,00;NA;1,00;0,00;0,00;0,00;0,00;0,00;0,00;0,00;0,00;0,00;1,00;1,00;1,00;0,00;0,00;0,00;0,00;0,00;3,00;0,00;0,00;0,00;2,00
8,00;24,00;36,00;1,00;1,00;1,00;2,00;1,00;2,00;0,00;0,00;0,00;0,00;2,00;0,00;0,00;0,00;NA;1,00;0,00;0,00;0,00;0,00;0,00;0,00;0,00;1,00;1,00;0,00;2,00;1,00;1,00;1,00;0,00;0,00;0,00;7,00;0,00;0,00;0,00;2,00
8,00;24,00;36,00;1,00;2,00;1,00;1,00;1,00;1,00;5,00;1,00;0,00;9,00;1,00;20,00;0,00;3,00;1,00;1,00;1,00;1,00;1,00;1,00;1,00;0,00;1,00;3,00;2,00;2,00;2,00;2,00;2,00;1,00;2,00;0,00;3,00;19,00;6,00;1,00;1,00;2,00
4,00;20,00;36,00;1,00;1,00;1,00;1,00;2,00;2,00;0,00;0,00;0,00;0,00;2,00;0,00;0,00;0,00;NA;0,00;0,00;0,00;0,00;0,00;1,00;1,00;1,00;1,00;1,00;3,00;2,00;1,00;3,00;0,00;1,00;0,00;2,00;14,00;3,00;1,00;1,00;2,00
4,00;21,00;36,00;1,00;1,00;1,00;2,00;1,00;2,00;0,00;0,00;0,00;0,00;2,00;0,00;0,00;0,00;NA;1,00;1,00;0,00;0,00;0,00;0,00;0,00;0,00;0,00;0,00;1,00;2,00;2,00;1,00;1,00;0,00;0,00;0,00;7,00;1,00;1,00;0,00;2,00
4,00;21,00;36,00;1,00;1,00;1,00;2,00;2,00;1,00;4,00;0,00;0,00;0,00;2,00;0,00;0,00;0,00;NA;1,00;1,00;1,00;0,00;0,00;0,00;0,00;1,00;1,00;0,00;0,00;1,00;3,00;0,00;3,00;1,00;0,00;1,00;10,00;3,00;1,00;1,00;2,00
3,00;25,00;30,00;1,00;1,00;1,00;1,00;1,00;2,00;0,00;0,00;0,00;0,00;1,00;9,00;0,00;1,00;1,00;0,00;0,00;1,00;0,00;0,00;0,00;0,00;0,00;2,00;1,00;1,00;2,00;1,00;0,00;1,00;0,00;0,00;1,00;9,00;1,00;1,00;1,00;1,00
3,00;20,00;30,00;2,00;1,00;1,00;2,00;2,00;2,00;0,00;0,00;0,00;0,00;1,00;21,00;0,00;0,00;0,00;1,00;0,00;0,00;0,00;0,00;0,00;0,00;0,00;1,00;0,00;1,00;1,00;0,00;0,00;1,00;1,00;0,00;0,00;5,00;0,00;0,00;0,00;1,00
3,00;19,00;30,00;1,00;2,00;1,00;2,00;1,00;2,00;0,00;0,00;0,00;0,00;2,00;0,00;0,00;0,00;NA;1,00;0,00;0,00;0,00;0,00;0,00;1,00;0,00;1,00;1,00;2,00;1,00;2,00;2,00;2,00;1,00;0,00;1,00;13,00;1,00;1,00;1,00;1,00
3,00;20,00;30,00;1,00;1,00;1,00;2,00;1,00;2,00;0,00;0,00;0,00;0,00;2,00;0,00;0,00;0,00;NA;0,00;0,00;0,00;0,00;0,00;0,00;0,00;0,00;2,00;2,00;3,00;3,00;0,00;1,00;0,00;0,00;0,00;2,00;13,00;0,00;0,00;1,00;1,00
3,00;19,00;30,00;1,00;2,00;1,00;2,00;1,00;1,00;8,00;0,00;0,00;2,00;2,00;0,00;0,00;0,00;NA;1,00;0,00;0,00;0,00;0,00;0,00;0,00;0,00;2,00;1,00;3,00;2,00;3,00;1,00;1,00;0,00;0,00;1,00;14,00;0,00;0,00;1,00;1,00
3,00;34,00;30,00;2,00;1,00;1,00;2,00;2,00;2,00;0,00;0,00;0,00;0,00;2,00;0,00;0,00;0,00;NA;1,00;0,00;0,00;0,00;0,00;0,00;0,00;0,00;0,00;0,00;0,00;1,00;1,00;0,00;0,00;0,00;0,00;0,00;2,00;0,00;0,00;0,00;1,00
3,00;22,00;38,00;2,00;1,00;1,00;2,00;2,00;2,00;0,00;0,00;0,00;0,00;2,00;0,00;0,00;0,00;NA;1,00;1,00;0,00;0,00;0,00;0,00;0,00;0,00;0,00;0,00;1,00;1,00;0,00;0,00;1,00;0,00;0,00;0,00;3,00;1,00;1,00;0,00;1,00
3,00;21,00;30,00;1,00;1,00;1,00;2,00;2,00;2,00;0,00;0,00;0,00;0,00;2,00;0,00;0,00;0,00;NA;1,00;0,00;0,00;0,00;0,00;0,00;0,00;0,00;3,00;1,00;3,00;1,00;1,00;0,00;1,00;1,00;0,00;0,00;11,00;0,00;0,00;1,00;1,00
3,00;19,00;30,00;1,00;2,00;1,00;2,00;1,00;1,00;1,00;0,00;0,00;1,00;2,00;0,00;0,00;0,00;NA;0,00;0,00;0,00;0,00;0,00;0,00;0,00;0,00;1,00;1,00;1,00;2,00;1,00;2,00;2,00;0,00;0,00;1,00;11,00;0,00;0,00;1,00;1,00
3,00;20,00;30,00;2,00;1,00;1,00;1,00;2,00;2,00;0,00;0,00;0,00;0,00;2,00;0,00;0,00;0,00;NA;1,00;0,00;0,00;0,00;0,00;0,00;0,00;1,00;0,00;0,00;0,00;0,00;0,00;0,00;0,00;0,00;0,00;0,00;0,00;1,00;1,00;0,00;1,00
3,00;25,00;30,00;2,00;2,00;1,00;2,00;2,00;2,00;0,00;0,00;0,00;0,00;2,00;0,00;0,00;0,00;NA;0,00;0,00;0,00;0,00;0,00;0,00;1,00;0,00;2,00;1,00;0,00;1,00;0,00;1,00;1,00;0,00;0,00;1,00;7,00;1,00;1,00;0,00;1,00
3,00;36,00;0,00;1,00;1,00;1,00;2,00;2,00;2,00;0,00;0,00;0,00;0,00;2,00;0,00;0,00;0,00;NA;1,00;0,00;0,00;0,00;0,00;0,00;0,00;0,00;1,00;1,00;0,00;1,00;1,00;1,00;1,00;0,00;0,00;0,00;6,00;0,00;0,00;0,00;1,00
3,00;20,00;30,00;1,00;1,00;1,00;2,00;1,00;1,00;1,00;0,00;0,00;3,00;2,00;0,00;0,00;0,00;NA;0,00;0,00;0,00;0,00;1,00;1,00;0,00;0,00;1,00;1,00;3,00;2,00;2,00;0,00;2,00;1,00;0,00;1,00;13,00;2,00;1,00;1,00;1,00
3,00;23,00;34,00;2,00;1,00;1,00;2,00;2,00;2,00;0,00;0,00;0,00;0,00;2,00;0,00;0,00;0,00;NA;1,00;0,00;0,00;0,00;0,00;0,00;1,00;0,00;3,00;1,00;3,00;3,00;0,00;2,00;3,00;0,00;0,00;1,00;16,00;1,00;1,00;1,00;1,00
3,00;21,00;30,00;1,00;1,00;;2,00;1,00;2,00;0,00;0,00;0,00;0,00;2,00;0,00;0,00;0,00;NA;0,00;0,00;0,00;0,00;0,00;0,00;0,00;0,00;0,00;0,00;1,00;3,00;1,00;1,00;2,00;0,00;0,00;1,00;9,00;0,00;0,00;1,00;1,00
3,00;12,00;30,00;1,00;1,00;1,00;2,00;2,00;2,00;0,00;0,00;0,00;0,00;2,00;0,00;0,00;0,00;NA;1,00;0,00;0,00;0,00;0,00;0,00;0,00;0,00;0,00;0,00;1,00;2,00;2,00;0,00;2,00;0,00;0,00;0,00;7,00;0,00;0,00;0,00;1,00
3,00;19,00;30,00;1,00;1,00;1,00;2,00;2,00;2,00;0,00;0,00;0,00;0,00;2,00;0,00;0,00;0,00;NA;0,00;0,00;0,00;0,00;0,00;0,00;0,00;0,00;3,00;1,00;3,00;1,00;1,00;0,00;1,00;0,00;0,00;0,00;10,00;0,00;0,00;1,00;1,00
3,00;20,00;30,00;1,00;1,00;1,00;2,00;2,00;2,00;0,00;0,00;0,00;0,00;2,00;0,00;0,00;0,00;NA;1,00;0,00;0,00;0,00;0,00;0,00;0,00;0,00;1,00;1,00;0,00;1,00;1,00;0,00;0,00;1,00;0,00;1,00;6,00;0,00;0,00;0,00;1,00
3,00;31,00;30,00;2,00;1,00;1,00;2,00;2,00;2,00;0,00;0,00;0,00;0,00;2,00;0,00;0,00;0,00;NA;1,00;0,00;0,00;0,00;0,00;0,00;0,00;0,00;0,00;0,00;0,00;1,00;1,00;0,00;0,00;0,00;0,00;0,00;2,00;0,00;0,00;0,00;1,00
3,00;25,00;30,00;2,00;2,00;2,00;2,00;1,00;1,00;5,00;0,00;0,00;10,00;2,00;0,00;0,00;0,00;NA;1,00;0,00;0,00;0,00;0,00;0,00;0,00;0,00;3,00;3,00;2,00;3,00;3,00;2,00;3,00;1,00;0,00;3,00;23,00;0,00;0,00;1,00;1,00
3,00;22,00;30,00;2,00;3,00;1,00;1,00;2,00;2,00;0,00;0,00;0,00;0,00;2,00;0,00;0,00;0,00;NA;1,00;0,00;0,00;0,00;0,00;0,00;1,00;1,00;1,00;1,00;1,00;2,00;2,00;2,00;2,00;2,00;0,00;1,00;14,00;2,00;1,00;1,00;1,00
3,00;20,00;34,00;2,00;1,00;1,00;2,00;2,00;2,00;0,00;0,00;0,00;0,00;2,00;0,00;0,00;0,00;NA;1,00;0,00;0,00;0,00;0,00;0,00;0,00;0,00;1,00;0,00;1,00;1,00;0,00;0,00;1,00;1,00;0,00;0,00;5,00;0,00;0,00;0,00;1,00
3,00;19,00;30,00;1,00;4,00;1,00;2,00;1,00;2,00;0,00;0,00;0,00;0,00;0,00;0,00;0,00;0,00;NA;1,00;0,00;0,00;0,00;0,00;0,00;0,00;0,00;1,00;1,00;0,00;1,00;1,00;0,00;1,00;0,00;0,00;1,00;6,00;0,00;0,00;0,00;1,00
3,00;19,00;30,00;1,00;0,00;2,00;2,00;2,00;2,00;0,00;0,00;0,00;0,00;2,00;0,00;0,00;0,00;NA;1,00;0,00;0,00;0,00;0,00;0,00;1,00;1,00;1,00;1,00;1,00;1,00;2,00;1,00;2,00;0,00;0,00;1,00;10,00;2,00;1,00;1,00;1,00
