BemEstar;DASSE;DASSA;DASSD;Extroversao;Socializacao;Conscienc;Neuroticismo;Abertura;DASSE_class;DASSA_class;DASSD_class;BemEstar_class
84;13;8;9;21;23;22;7;17;0;0;0;1
84;14;14;7;13;20;20;12;16;0;0;0;1
82;11;8;8;14;23;24;11;12;0;0;0;1
82;7;7;7;15;16;20;16;8;0;0;0;1
81;8;7;7; ; ; ; ; ;0;0;0;1
81;7;7;8;23;25;25;5;23;0;0;0;1
80;11;7;9;20;23;19;10;18;0;0;0;1
80;8;8;7;22;23;22;5;16;0;0;0;1
80;11;8;8;17;24;24;8;21;0;0;0;1
80;18;18;10;22;19;25;11;21;0;1;0;1
80;12;15;7;21;16;25;12;15;0;1;0;1
79;9;13;9;24;22;18;13;11;0;0;0;1
79;7;7;7;25;24;22;6;17;0;0;0;1
79;12;9; ;25;21;23;5;18;0;0; ;1
78;11;8;9;15;25;24;12;15;0;0;0;1
78;13;8;9;16;25;24;9;25;0;0;0;1
78;17;10;10;25;25;25;12;21;0;0;0;1
77;17;9;9;25;23;18;7;18;0;0;0;1
77;13;9;10;21; ; ; ; ;0;0;0;1
77;14;12;9;17;23;25;7;18;0;0;0;1
77;13;12;12; ;23;23; ;18;0;0;0;1
77;11;8;7;24;20;23;6;22;0;0;0;1
77;10;13;10;24;25; ;7;17;0;0;0;1
77;14;8;12;18;19;23;13;22;0;0;0;1
77; ;8;13;17;23;21; ;12; ;0;0;1
76;8;7;7;22;25; ;5;23;0;0;0;1
76;16;11;9;23;24;25; ;19;0;0;0;1
76;13;12;10;10;21;24;19;17;0;0;0;1
75;21;11;14;23;22;24;14;24;1;0;0;1
75; ; ; ;16;18;21; ; ; ; ; ;1
75;11;8;8;22;23;24;9;19;0;0;0;1
75;10;7;7;25;22;25;12;18;0;0;0;1
75;13;9;8;17;25;21;11;21;0;0;0;1
75;14;7;7;25;20;25;9;22;0;0;0;1
75; ;7; ;20;18;23;11;10; ;0; ;1
75;12;9;8;24;21;25;7;15;0;0;0;1
75;8;8;8;13;24;21;13;17;0;0;0;1
75;11;13;10;15;17;25;14;13;0;0;0;1
75;12;7;8;21;20;23;6;17;0;0;0;1
75;14;10;12;25;25;24;8;24;0;0;0;1
74;10;7;7;15;20;22;8;18;0;0;0;1
74;12;9;8;24;22;20;5;17;0;0;0;1
74;12;7;8;24;24;21;8;23;0;0;0;1
74;18;14;13;21;25;25;13;21;0;0;0;1
74;12;9;10;13;19;22;12;15;0;0;0;1
74;11;7;7;17;25;24;14;24;0;0;0;1
74;13;9;10;18;24;22;7;18;0;0;0;1
73;8;7;7;22;24;24;7;15;0;0;0;1
73;7; ;7;18;25;20;7;21;0; ;0;1
73;11;9;8;21;25;21;12;17;0;0;0;1
73;13;14;11;21;25;25; ;19;0;0;0;1
73;13;7;12;24;23;24;9;15;0;0;0;1
73;9;10;8;16;23;25;10;16;0;0;0;1
73;8;8;8;18;25;25;9;21;0;0;0;1
73;10;8;10;14;25;24;18;19;0;0;0;1
73;8;9;8;25;23;21;7; ;0;0;0;1
73;9;9;7;17;21;22;6;17;0;0;0;1
73;14;11;10;15;23;25;14;20;0;0;0;1
73;13;7;10;20;24;24;9;15;0;0;0;1
72;10;8;7;15;21;20;8;13;0;0;0;1
72;14;11;9;19;22;20;10;19;0;0;0;1
72;14; ;8;25;25;25;13;25;0; ;0;1
72;16;12;10;15;21;25;11;12;0;0;0;1
72;10;9;8;15;23;24;9;8;0;0;0;1
72;9;7;7;20; ; ;10;24;0;0;0;1
72;13;11;10;14; ;20;7;16;0;0;0;1
72;9;8;9;21;25;23;6;16;0;0;0;1
72;12;9;8;21;24;25;15;16;0;0;0;1
71;12;7;8;21;21;24;16;19;0;0;0;1
71;10;9;9;16;20;23;6;13;0;0;0;1
71;10;7;8;12;20;25;10;21;0;0;0;1
71;11;8;12;11;24;22;12;8;0;0;0;1
71;7;10;8;17;25;22;6;10;0;0;0;1
71;7;7;7;19;25;25;5;19;0;0;0;1
71;14;12;11;17;24;24;17;21;0;0;0;1
71;8;7;7; ; ; ; ; ;0;0;0;1
71;11;8;9;18;21;23;8;17;0;0;0;1
71;10;7;7;21;24;24;6;19;0;0;0;1
71;13;8;11;20;18;19;11;17;0;0;0;1
71;8;7;9;19;22;25;7;17;0;0;0;1
71;9;8;9;21;18;15;11;13;0;0;0;1
71;14;13;10;13;21;19;21;19;0;0;0;1
71;9;7;7;18;24;22;12;17;0;0;0;1
71;7;8;8;15;22;23;14;12;0;0;0;1
71;17;10;14;23;22;21;9;15;0;0;0;1
71;13;12; ; ;24;20;7; ;0;0; ;1
70;14;12;13;25;25;25;7;25;0;0;0;1
70;12;8;11; ;22;22;8; ;0;0;0;1
70;10;8;9;18;21;24;12;14;0;0;0;1
70;15;11;14;21;21;21;18;14;0;0;0;1
70;13;7;10; ; ; ; ; ;0;0;0;1
70;14;10;9;13;21; ;12;13;0;0;0;1
70;11;9;10;22;25;25;12;10;0;0;0;1
70;10;8;9;22;21;21;6;14;0;0;0;1
70; ;7;7;21; ;22;7; ; ;0;0;1
70; ;10;12;20;25;23;7;18; ;0;0;1
70;7;7;7;17;19;21;9;16;0;0;0;1
70;7;7;9;16;20;16;11;14;0;0;0;1
70;11;9;8;19;21;24;10;16;0;0;0;1
70;14;9;10;12;17;21;17;17;0;0;0;1
69;11;8;9;15;23;19;12;15;0;0;0;1
69; ; ; ;14;19;23;13;15; ; ; ;1
69;14;11;10;14;20;19;12;12;0;0;0;1
69;9;7;8;16;17;21;9;11;0;0;0;1
69;13;7;11;24;18;18;8;10;0;0;0;1
69;13;7;11;14;25;25;13;18;0;0;0;1
69;14;11;10;14;17;23;7;16;0;0;0;1
69;9;7;9;16;21;23;13;15;0;0;0;1
69;17;13;7;18;21;23;12;22;0;0;0;1
69;9;7;11;22;24;24;14;23;0;0;0;1
69;10;7;9;25;21;23;8;15;0;0;0;1
69;15;8;8;18;19;16;8;18;0;0;0;1
69;10;7;8;19;25;25;7;22;0;0;0;1
69;10;10;10;16;22;25;10;17;0;0;0;1
69;11;7;7;18;21;21;12;19;0;0;0;1
69;10;12; ;24;25;25;5;18;0;0; ;1
69;12;11;11;14;22;23;11;15;0;0;0;1
69;8;8;8;19;20;24;11;19;0;0;0;1
69;11;9;9;15;21;19;15;13;0;0;0;1
69;13;7;7;18; ;22;12; ;0;0;0;1
68;16;10;13;25;23;19;14;19;0;0;0;1
68;15; ;9;24;21;14;13;12;0; ;0;1
68;14;14;14;14;22;19;14;19;0;0;0;1
68;10;8;11;16;16;19;12;12;0;0;0;1
68;13;8;12;16;25;25;16;12;0;0;0;1
68;17;10;10;21;21;22;12;22;0;0;0;1
68;10;11;9; ; ; ; ; ;0;0;0;1
68;11;9;11; ; ; ; ; ;0;0;0;1
68;13;9;13;17;21; ;18;10;0;0;0;1
68;12;7;7;18;19;20;16;13;0;0;0;1
68;19;12;10;16;22;23;12;11;1;0;0;1
68;14;10;13; ; ; ; ; ;0;0;0;1
68;15;14;9;9;22;22;18;10;0;0;0;1
68;17;12;9;21;25;25;7;15;0;0;0;1
68;26;21;16;21;17;21;18;18;1;1;0;1
68;20;12;9;17;21;23;17;19;1;0;0;1
68;8;8;7;8;22;24;16;12;0;0;0;1
68;13;10;12;15;20;23;10;12;0;0;0;1
68;13;8;10; ; ; ; ; ;0;0;0;1
68;13;10;14;23;24;23;11;23;0;0;0;1
68;15;7;10;21;19;21;9;15;0;0;0;1
67;10;8;8;18;16;13;8;12;0;0;0;1
67;13;7;8;24;20;22;9;16;0;0;0;1
67;13;8;8;21;19;19;11;18;0;0;0;1
67;15;11;9;25;21;25;7;11;0;0;0;1
67;19;14;12;13;20;24;13;11;1;0;0;1
67;8;8;7;12;20;19; ;14;0;0;0;1
67;13;8;10;21;23;23;14;13;0;0;0;1
67;16;15;13; ;23;22;13;14;0;1;0;1
67;13;7;8;17;25;25;11;11;0;0;0;1
67;8;7;9;17;20;22;10;15;0;0;0;1
67;13;7;9;18;21;24;12;22;0;0;0;1
67;12;7;10;24;23;20;9;20;0;0;0;1
67;17;8;10;21;20;23;11;8;0;0;0;1
67;13;8;8;21;23;24;6;17;0;0;0;1
66;14;7;9;15;21;24;13;15;0;0;0;1
66;7;8;9;21;25;23;10;17;0;0;0;1
66;17;9;12;23;21;22;10;21;0;0;0;1
66;15;7;11;18;20; ;12;14;0;0;0;1
66;8;7;8;11; ;23;7;21;0;0;0;1
66;12;10;11;20;24;22;10;17;0;0;0;1
66;19;9;12;18;16;19;15;13;1;0;0;1
66;13;9;9;19;18;24;10;20;0;0;0;1
66;11;8;8;16;20;17;12;18;0;0;0;1
66;14;11;13;14;17;19;12;16;0;0;0;1
66;15;15;16;20;23;24;11;13;0;1;0;1
66;14;13;16;16;20;20;12;13;0;0;0;1
66;15;12;11;20;21;23;10;9;0;0;0;1
66;15;11;11;13;25;24;15;13;0;0;0;1
65;11;8;9;18;17;19;10;22;0;0;0;1
65;10;8;9;19;20;21;7;13;0;0;0;1
65;14;12;12;14;18;21;9;21;0;0;0;1
65;17;11;10; ; ; ; ; ;0;0;0;1
65;23;15;12;25;23;25;15;21;1;1;0;1
65;16;7;11;25;18;21;12;20;0;0;0;1
65;17;12;14;11;25;25;19;12;0;0;0;1
65;16;10;13;19;23;25;14;11;0;0;0;1
65;14;10;12;15;20;22;10;15;0;0;0;1
65;10;9;8;19;19;22;11; ;0;0;0;1
65;13;10;14;24;25;24;12;20;0;0;0;1
65;16;11;12;7;19;21;14;14;0;0;0;1
65;14;10;11;21;16;18;12;8;0;0;0;1
65;14;14;14;13;20; ;12;14;0;0;0;1
65;8;7;8;17;25;20;7;15;0;0;0;1
65;13;11;10;17;13;20;14;16;0;0;0;1
65;12;9;9;10;18;24;14;16;0;0;0;1
65;14;10;9;14;21;23;15;17;0;0;0;1
64;14;14;12;20;21;19;14;22;0;0;0;1
64;12;7;9;18;18;21;9;14;0;0;0;1
64;10;8;7;20;19;25;13;14;0;0;0;1
64;13;8;9; ; ; ; ; ;0;0;0;1
64;14;11; ; ;19; ;8;18;0;0; ;1
64;9;7;7;20;22;24;10;15;0;0;0;1
64;12;10;8;13;18;21;12;12;0;0;0;1
64;12;7;8;23;22;20;10;17;0;0;0;1
64;16;12; ; ; ; ; ; ;0;0; ;1
63;12;11;10;16;16;20;15;18;0;0;0;1
63;12;8;11;13;25;25;15;14;0;0;0;1
63;12;8;10;10;24;22;16;19;0;0;0;1
63;9;8;12;16;20;23;10;9;0;0;0;1
63;11;7;10;23;19;20;9;20;0;0;0;1
63;15;10;10;20;15;25;10;12;0;0;0;1
63;14;10;10;23;18;16;12;21;0;0;0;1
63;11;8;10; ; ; ; ; ;0;0;0;1
63;17;10;14;18;19;18;16;15;0;0;0;1
63;12;10;10;14;20;21;9;12;0;0;0;1
63;11; ;9;17;21;19;12;17;0; ;0;1
63;15;10;12;20;20;22;11;21;0;0;0;1
63;18;7;10;23;21;20;11;13;0;0;0;1
62;11;7;8;16;23;20;7;13;0;0;0;1
62;14;11;14;15;20;25;11;24;0;0;0;1
62;13;13;11;14;21;22;10;19;0;0;0;1
62;9;7;7;17;17;21;11;13;0;0;0;1
62;9;7;8;17; ; ;9;12;0;0;0;1
62;15;8;11;19;20;25;10;15;0;0;0;1
62;11;11;10;14; ;25;6;9;0;0;0;1
62;15;8;7;19;15;20;8;14;0;0;0;1
62;12;7;10;19;21;23;8;11;0;0;0;1
62;14;9;10;21;22;15;13;15;0;0;0;1
62;11;7;12;14;17;20; ;11;0;0;0;1
61;20;12;14;19;12;24;14;12;1;0;0;1
61;10;7;7;21;20;21;10;14;0;0;0;1
61;16;11;14;14;18;20;14;21;0;0;0;1
61;7;10;7;25;25;25;9;15;0;0;0;1
61;13;8;9;17;24;24;5;12;0;0;0;1
61;14;8;12;19;20;21;11;22;0;0;0;1
61;10;7;8;20;21;22;5;9;0;0;0;1
61;14;14;15; ; ; ; ; ;0;0;0;1
61;14;9;14;16;18;20;12;15;0;0;0;1
61;12;8;10;15;15;15;10;15;0;0;0;1
61;18;13;15;16;15;21;14;14;0;0;0;1
61;14;11;8; ; ; ; ; ;0;0;0;1
61;13;7;8;21;17;25;13;17;0;0;0;1
61;17;10;9;14;17;19;18;15;0;0;0;1
61; ;19;12;22;22;15;17;17; ;1;0;1
61;14;12;10;12;18;20;11;11;0;0;0;1
61;14;7;10; ; ; ; ; ;0;0;0;1
60;13;7;13;17;22;22;13;24;0;0;0;1
60;12;8;9;15;20;20;14;16;0;0;0;1
60;8;11;14;16;20;19;17;12;0;0;0;1
60;8;10;11;12;17;21;10;17;0;0;0;1
60; ; ; ; ; ; ; ; ; ; ; ;1
60;14;9;14;11;24;19;13;17;0;0;0;1
60;9;9;9;21;20;24;5;14;0;0;0;1
60;12;8;7;22; ; ;8;14;0;0;0;1
60;24;25;14;8;23;21;19;18;1;1;0;1
60;14;8;10;14;21;21;14; ;0;0;0;1
60;13;11;8;12;21;23;13;8;0;0;0;1
60;13;10;9;12;20;19;15;14;0;0;0;1
60;13;7;12;21;21;23;9;19;0;0;0;1
60;14;9;12;19;20;19;10;12;0;0;0;1
60;7;9;9;19;22;19; ;19;0;0;0;1
60;14;8;10;17;20;21;13;18;0;0;0;1
60;15;15;16;12;20; ;14;12;0;1;0;1
60; ; ;13;12;17;18;15;20; ; ;0;1
60;10;9;11;19;20;22;13;17;0;0;0;1
60;14;11;10;16;23;22;16;10;0;0;0;1
60;24;18;15;22;20;24;17;16;1;1;0;1
59;11;7;9;20;13;19;11;18;0;0;0;1
59;10;7;17;18;21;20;18;20;0;0;0;1
59;12;13;13; ;21;20;8;15;0;0;0;1
59;16;13;13;15;23;17;7;21;0;0;0;1
59;16;9;11;20;16;13;10;16;0;0;0;1
59;17;13;12;9;17;19;17;19;0;0;0;1
59;12;7;12;15;22;21;7;15;0;0;0;1
59;14;14;13;13;18;21;16;12;0;0;0;1
59;15;8;10;21;16;25;13;13;0;0;0;1
59;13;8;10;13;22;22;11;13;0;0;0;1
59;10;10;15; ; ; ; ; ;0;0;0;1
59;12;11;9;22;19;20;9;12;0;0;0;1
58;11;9;9;16;22;22;10;7;0;0;0;1
58;12;11;11;12;25;24;12;21;0;0;0;1
58;9;8;7;13;17;23;12;23;0;0;0;1
58;11;9;8; ; ; ; ; ;0;0;0;1
58;11;7;9;19;15;22;8;16;0;0;0;1
58;9;8;9;21;20;12;5;17;0;0;0;1
58;24;17;9;21;20;24;13;7;1;1;0;1
58;11;8;12;16;15;21;9;15;0;0;0;1
58;13;10;10;17;24;20;12;14;0;0;0;1
58;17;9;12;19;17;21;13;14;0;0;0;1
58;25;17;15;16;22;17;21;14;1;1;0;1
58;10;7;9;8;21;22;12;11;0;0;0;1
58;12;10;9;21;23;21;12;20;0;0;0;1
58;7;7;8;17;22;24;5;11;0;0;0;1
58;19;15;17;19;24;16;17;17;1;1;0;1
57; ;7;12;14;21;22;13;19; ;0;0;1
57;13;8; ;22;23;25;9;16;0;0; ;1
57;9;11;9;14;18;19;11;12;0;0;0;1
57;9;8;13;12;23;17;20;17;0;0;0;1
57;14;10;11;14;18;19;13;15;0;0;0;1
57;11;7;13;19;17;18;18;16;0;0;0;1
57;14;8;9;23;21;19;12;15;0;0;0;1
57;13;8;13;22;18;19;17;12;0;0;0;1
57;15;14;11;9;24;25;12;14;0;0;0;1
57;9;7;8;17;23;24;15;17;0;0;0;1
57;14;10;12;16;20;19;16;9;0;0;0;1
57;12;8;8;17;19;20;11;16;0;0;0;1
57;18;15;15;12;19;17;19;16;0;1;0;1
56;16;12;14;15;17;19;15;11;0;0;0;1
56;26;17;23;14;19;21;19;14;1;1;1;1
56;8;7;8;17;18;14;9;16;0;0;0;1
56;13;9;11; ; ; ; ; ;0;0;0;1
56;16;11;13;19;18;19;15;17;0;0;0;1
56;11;7;10;14;16; ;9;14;0;0;0;1
56;14;15;12;25;20;18;12;13;0;1;0;1
56;15;7;11;21;19;20;19;10;0;0;0;1
56;11;9;11;18;22;25;5;17;0;0;0;1
56;9;7;10;12;22;23;8;13;0;0;0;1
56;16;10;10;15;14;19;10;12;0;0;0;1
56;23;22;24;5; ;25; ;11;1;1;1;1
56;16;7;9;17;17;25;13;16;0;0;0;1
56;14;10; ;21;15;19;10;17;0;0; ;1
56;13;10;8;17;20;23;8;7;0;0;0;1
56;10;9;11;14;25; ;14;23;0;0;0;1
56;22;15;12;25; ;20;11;17;1;1;0;1
56;17;16;13; ;22;24;14;13;0;1;0;1
56;22;20;21;12;25;25;13;8;1;1;1;1
55;9;8;7; ;21;23;9;20;0;0;0;1
55;15;9;11;10;24;25;20;21;0;0;0;1
55;11;10;16;22;20;19;6;18;0;0;0;1
55;16;11;10;19;21;21;18;20;0;0;0;1
55;13;7;12; ; ; ; ; ;0;0;0;1
55;19;16;18;20;17;17;18;15;1;1;1;1
55;16;14;9;19;18;23;11;20;0;0;0;1
55;19;10;14;17;14;19;16; ;1;0;0;1
55;20;13;9;22; ;18;10;11;1;0;0;1
55;13;9;9;16;19;22;9;10;0;0;0;1
55;7;8;7;22;21;24;11;16;0;0;0;1
55;20;16;14; ; ; ; ; ;1;1;0;1
55;13;8;8;20;16;23;8;19;0;0;0;1
55;12;8;8;24;19;19;14;22;0;0;0;1
55;28;28;25;13;25;25;24;25;1;1;1;1
55;11;7;14;13;25;25;10;11;0;0;0;1
55;11;9;10;18;20;20;12;17;0;0;0;1
55;12;10;12;19;22; ;11;16;0;0;0;1
55;19;15;20;22;15;22;11;14;1;1;1;1
55;18;16;16; ; ; ; ; ;0;1;0;1
54;15;9;13;18;16;16;19;13;0;0;0;1
54;13;7;8;16;19;25;15;16;0;0;0;1
54;19;8;12;12;19;23;18;10;1;0;0;1
54;16;11;13;20;22;18;15;20;0;0;0;1
54;18;17;19;15;15;15;15;15;0;1;1;1
54;15;14;10;12;22;21;17;17;0;0;0;1
54;11;9;7;11;23;22;10;15;0;0;0;1
54;10;7;8; ; ; ; ; ;0;0;0;1
53;15;14;14;14;20;20;13;15;0;0;0;0
53;14;12;8;14;14;16;11;17;0;0;0;0
53;20;18;13;13;18;23;14;15;1;1;0;0
53;14;10;12;17;19;21;12;13;0;0;0;0
53;15;18;12; ; ; ; ; ;0;1;0;0
53;13;14;16;9;20;20;20;16;0;0;0;0
52;18;16;18;17;18;20;14;18;0;1;1;0
52;17;12; ; ; ; ; ; ;0;0; ;0
52;14;14;14; ; ; ; ; ;0;0;0;0
52;9;7;15;17;25;20;15;12;0;0;0;0
52;13;8;10;13;20;17;20;13;0;0;0;0
52;18;9;10;16;19;19;14;14;0;0;0;0
52;16;10;13;20;20;14;12;17;0;0;0;0
52;16;17;16;21;24;13;19;9;0;1;0;0
52;18;14;16;8;21;18;19;10;0;0;0;0
52;11;10;11; ; ; ; ; ;0;0;0;0
52;19;11;14;16;18;14;15;16;1;0;0;0
52;12;7;10;20;15;18;7;10;0;0;0;0
52; ;8; ;17;13;16;11; ; ;0; ;0
51;17;11;16;12;20;19;15;17;0;0;0;0
51; ;9;16;22;15;21;17;18; ;0;0;0
51;18;20;14;11;21;17;17;16;0;1;0;0
51;18;18;15;15;18;25;14;15;0;1;0;0
51;13;12; ; ;18;19;10; ;0;0; ;0
51;18;9;12;16;23;25;12;8;0;0;0;0
51;11;7;14;17;16;18;12;14;0;0;0;0
51; ;15;13;15;23;24;17;21; ;1;0;0
51;20;16;16;5;23;25;17;18;1;1;0;0
51;16;9;9; ; ; ; ; ;0;0;0;0
51;15;10;16;5;19;14;19;20;0;0;0;0
50;9;7;8;14;19;12;13;14;0;0;0;0
50;15;13;13;17;19;18;13;23;0;0;0;0
50;18;9;17;10;22;17;14;14;0;0;0;0
50;28;19;15;19;22;23;18;8;1;1;0;0
50;12;11;16;16;19;17;14;14;0;0;0;0
50;11;8;9;15;18;19;11;13;0;0;0;0
50; ;7;8;20;17;20;9;20; ;0;0;0
50;13;7;12;17;21;21;17;10;0;0;0;0
50;18;11;16;21;19;14;16;9;0;0;0;0
50;13;7;9;19;20;16;9;10;0;0;0;0
50;17;14;19;23;17;16;19;8;0;0;1;0
49;22;13;19;17;19;13;19;20;1;0;1;0
49;19;11;11;18;12;8;10;17;1;0;0;0
49;17;11;16;19;17;21;17;12;0;0;0;0
49;14;10;12;19;20;23;14;13;0;0;0;0
49;20;12;14;15;19;19;15;15;1;0;0;0
49;27;25;25;14;14;20;19;16;1;1;1;0
49;12;8;9;16;19;16;12;13;0;0;0;0
49;15;7;16;11;22;20;13;12;0;0;0;0
48;18;7;25;19;20;15;17;15;0;0;1;0
48;11;9;14;17;24;24;18;16;0;0;0;0
48;12;8;7;22;19;16;7;12;0;0;0;0
48;12;10;15; ; ; ; ; ;0;0;0;0
48;18;9;13;16;18;23;15;13;0;0;0;0
48;11;7;8;19;19;19;10;10;0;0;0;0
48;15;16;16;15;22;22;15;13;0;1;0;0
48;16;10;13;15;18;23;19;16;0;0;0;0
47;17;16;15;14;25;23;14;7;0;1;0;0
47;8;9;8;17;23;25;12;13;0;0;0;0
47;15;15;15;15;18;17;13;16;0;1;0;0
47;18;18;22;12;18;20;20;17;0;1;1;0
46;14;7;11;19;19;17;16;12;0;0;0;0
46;13;8;14;17;16;22;13;12;0;0;0;0
46;13;8;15;12;23;18;19;19;0;0;0;0
46;22;11;20;22;20;25;25;20;1;0;1;0
46;14;11;16;20;19;15;12;17;0;0;0;0
45;12;10;19;21;18;15;10;15;0;0;1;0
45;13;10;21;13;22;23;19;14;0;0;1;0
45;16;17;15;19;10;17;14;7;0;1;0;0
45;20;9;13;20;17;15;16;17;1;0;0;0
45;11;7;12;8;17;20;16;11;0;0;0;0
45;14;7;14;19;15;22;15;13;0;0;0;0
45;16;10;11;20;18;17;14;11;0;0;0;0
45;24;11;17;10;15;21;22;14;1;0;0;0
44;14;11; ;6;20;18;16;14;0;0; ;0
44;21;15;22;17;21;18;12;21;1;1;1;0
44;10;7;19;13;21;18;17;10;0;0;1;0
44;16;12; ;12;13;18;21;21;0;0; ;0
44;14;8;15; ; ; ; ; ;0;0;0;0
44;11;9;11;21;15;19;14;8;0;0;0;0
43;10;9;11; ; ; ; ; ;0;0;0;0
43;21;18;17;24;20;21;23;10;1;1;0;0
43;11;8;14;20;21;23;13;19;0;0;0;0
43;7;9;8;17;20;17;7;11;0;0;0;0
43;16;7;14;17;21;18;16;14;0;0;0;0
43;14;9;10;16;17;20;16;8;0;0;0;0
43;15;13;15;9;14;16;23;11;0;0;0;0
42;19;18;23; ; ; ; ; ;1;1;1;0
42;20;12;20;12;18;15;20;14;1;0;1;0
42;12;8;12;17;15;22;12;13;0;0;0;0
42;13;14;14;16;16;13;15;13;0;0;0;0
42;23;14;18;14;23; ;21;18;1;0;1;0
42;18;13;7;20;13;21;14;18;0;0;0;0
41;19;9;16;11;19;20;15;18;1;0;0;0
41;10;8;14;16;16;22;7;14;0;0;0;0
40;20;7;14;5;16;15;13;8;1;0;0;0
40;14;8;15;15;19;18;15;18;0;0;0;0
40;17;10; ;5;15;22;20;14;0;0; ;0
40;9;8;9;10;22;22;13;11;0;0;0;0
40;18;14;18;14;21;25;14;15;0;0;1;0
40;12;11;14;11;9;16;18;13;0;0;0;0
40;19;13;22;18;19;22;17;17;1;0;1;0
40;17;8;10;24;15;20;12;13;0;0;0;0
39;12;7;8;24;20;22;8;15;0;0;0;0
39;20; ;22;15;22;20;19;16;1; ;1;0
39;25;9;17;18;15;15;15;12;1;0;0;0
39;10;7; ;17;22; ;20;10;0;0; ;0
39;21;21;16;19;18;17;24;6;1;1;0;0
39;21;17;17;9;11;19;18;16;1;1;0;0
38; ; ;15;19;13;15;18;15; ; ;0;0
38;16;15; ; ; ; ; ; ;0;1; ;0
38;18;15;20;11;14;14;21;8;0;1;1;0
38; ;12; ; ; ; ; ; ; ;0; ;0
37;19;13;18;14;16;15;21;19;1;0;1;0
37;22;13;21;12;20;19;16;15;1;0;1;0
37;17;19;21;11;16;15;14;11;0;1;1;0
37;25;16;17;16;13;12;19;16;1;1;0;0
36;14;10;14;12;14;17;10;17;0;0;0;0
36;14;8;13;25;25;25;23;15;0;0;0;0
36;17;16;22;6;23;13;17;20;0;1;1;0
36;18;14;20;14;13;16;22;17;0;0;1;0
35;14;8;12;10;16;22;14;19;0;0;0;0
35;19;11;18;24;18;19;20; ;1;0;1;0
35;12;8;15;17;17;21;18;12;0;0;0;0
35;14;11;19;14;17; ;18;9;0;0;1;0
35;26;27;27;17;11;12; ; ;1;1;1;0
34;22;20;23; ; ; ; ; ;1;1;1;0
34; ;13;17;11;14;16;19; ; ;0;0;0
34;14;10;18;17;15;17;19;14;0;0;1;0
33;14;9;21;18;16;15;20;9;0;0;1;0
33;12;16;25; ; ; ; ; ;0;1;1;0
32; ;23; ; ; ; ; ; ; ;1; ;0
32;12;11;13;15;18;21;8;9;0;0;0;0
31;21;16; ;14;19;17;19;14;1;1; ;0
30;12;10;23;21;17;11;16;16;0;0;1;0
30;17;12;24;6;14;16;19;22;0;0;1;0
30;16;14;23;8;19;23;20;11;0;0;1;0
29;11;8;13;12;22;19;12;12;0;0;0;0
29;27;25;26;9;25;21;23;13;1;1;1;0
28;12;10;14;15;17;21;16;8;0;0;0;0
28;11;9;17;21;13;13;15;8;0;0;0;0
27;10;10;9;19;22;20;12;19;0;0;0;0
27;19;13;23;18;17;14;17; ;1;0;1;0
27;14; ;17;13;12;16;24;10;0; ;0;0
27;24;18;27;12;22;18;25;16;1;1;1;0
26;22;19;18;16;17;19;14;13;1;1;1;0
26;16;10;17;11;18;12;20;17;0;0;0;0
26;16;13;18;9;19;18;22;15;0;0;1;0
26;18;14;19;13;19;17;17;12;0;0;1;0
26;22;20;22;6;15;19;22;18;1;1;1;0
24; ;10; ;24;13;13;15;23; ;0; ;0
24;15;16;16; ; ; ; ; ;0;1;0;0
23;23;19;28;14;15;20; ; ;1;1;1;0
22;20;10;24;10; ;19;25;13;1;0;1;0
22;25;18;27; ; ; ; ; ;1;1;1;0
21;27;18;28; ; ; ; ; ;1;1;1;0
21;26;15;28;8;11;12;22;16;1;1;1;0
20;18;16;28;5;16;8;20;13;0;1;1;0
18;20;18;27;10;12;12;25;5;1;1;1;0
14;7;7;7; ; ; ; ; ;0;0;0;0
 ; ; ; ; ; ; ; ; ; ; ; ; 
 ; ; ; ; ; ; ; ; ; ; ; ; 
 ; ; ; ; ; ; ; ; ; ; ; ; 
 ; ; ; ; ; ; ; ; ; ; ; ; 
 ; ; ; ; ; ; ; ; ; ; ; ; 
 ; ; ; ; ; ; ; ; ; ; ; ; 
 ; ; ; ; ; ; ; ; ; ; ; ; 
 ; ; ; ; ; ; ; ; ; ; ; ; 
 ; ; ; ; ; ; ; ; ; ; ; ; 
 ; ; ; ; ; ; ; ; ; ; ; ; 
 ; ; ; ; ; ; ; ; ; ; ; ; 
 ; ; ; ; ; ; ; ; ; ; ; ; 
 ; ; ; ; ; ; ; ; ; ; ; ; 
 ; ; ; ; ; ; ; ; ; ; ; ; 
 ; ; ; ; ; ; ; ; ; ; ; ; 
 ; ; ; ; ; ; ; ; ; ; ; ; 
 ; ; ; ; ; ; ; ; ; ; ; ; 
 ; ; ; ; ; ; ; ; ; ; ; ; 
 ; ; ; ; ; ; ; ; ; ; ; ; 
 ; ; ; ; ; ; ; ; ; ; ; ; 
 ; ; ; ; ; ; ; ; ; ; ; ; 
 ; ; ; ; ; ; ; ; ; ; ; ; 
 ; ; ; ; ; ; ; ; ; ; ; ; 
 ; ; ; ; ; ; ; ; ; ; ; ; 
 ; ; ; ; ; ; ; ; ; ; ; ; 
 ; ; ; ; ; ; ; ; ; ; ; ; 
 ; ; ; ; ; ; ; ; ; ; ; ; 
 ; ; ; ; ; ; ; ; ; ; ; ; 
 ; ; ; ; ; ; ; ; ; ; ; ; 
 ; ; ; ; ; ; ; ; ; ; ; ; 
 ; ; ; ; ; ; ; ; ; ; ; ; 
 ; ; ; ; ; ; ; ; ; ; ; ; 
 ; ; ; ; ; ; ; ; ; ; ; ; 
 ; ; ; ; ; ; ; ; ; ; ; ; 
 ; ; ; ; ; ; ; ; ; ; ; ; 
 ; ; ; ; ; ; ; ; ; ; ; ; 
 ; ; ; ; ; ; ; ; ; ; ; ; 
 ; ; ; ; ; ; ; ; ; ; ; ; 
 ; ; ; ; ; ; ; ; ; ; ; ; 
 ; ; ; ; ; ; ; ; ; ; ; ; 
 ; ; ; ; ; ; ; ; ; ; ; ; 
 ; ; ; ; ; ; ; ; ; ; ; ; 
 ; ; ; ; ; ; ; ; ; ; ; ; 
 ; ; ; ; ; ; ; ; ; ; ; ; 
 ; ; ; ; ; ; ; ; ; ; ; ; 
 ;15;8;10; ;17;18;16;16;0;0;0; 
 ; ; ; ; ; ; ; ; ; ; ; ; 
 ;12;8;8;16;20;20;8;8;0;0;0; 
 ; ; ; ; ; ; ; ; ; ; ; ; 
 ; ; ; ; ; ; ; ; ; ; ; ; 
 ; ; ; ; ; ; ; ; ; ; ; ; 
 ;7;7;7;25; ; ;9;22;0;0;0; 
 ;10;7;8;17;19;24;9;22;0;0;0; 
 ; ; ; ; ; ; ; ; ; ; ; ; 
 ; ; ; ; ; ; ; ; ; ; ; ; 
 ;17;11;15;20;23;20;10;14;0;0;0; 
 ;9;8;7;16;18;14;10;13;0;0;0; 
 ;10;8;8;25;18;22;5;18;0;0;0; 
 ; ; ; ; ; ; ; ; ; ; ; ; 
 ; ; ; ; ; ; ; ; ; ; ; ; 
 ; ; ; ; ; ; ; ; ; ; ; ; 
 ; ; ; ; ; ; ; ; ; ; ; ; 
 ; ; ; ; ; ; ; ; ; ; ; ; 
 ; ; ; ; ; ; ; ; ; ; ; ; 
 ; ; ; ; ; ; ; ; ; ; ; ; 
 ;22;19;20; ; ; ; ; ;1;1;1; 
 ; ; ; ; ; ; ; ; ; ; ; ; 
 ; ; ; ; ; ; ; ; ; ; ; ; 
 ; ; ; ; ; ; ; ; ; ; ; ; 
 ; ; ; ; ; ; ; ; ; ; ; ; 
 ; ; ; ; ; ; ; ; ; ; ; ; 
 ; ; ; ; ; ; ; ; ; ; ; ; 
 ; ; ; ; ; ; ; ; ; ; ; ; 
 ; ; ; ; ; ; ; ; ; ; ; ; 
 ;16;15; ; ; ; ; ; ;0;1; ; 
 ; ; ; ; ; ; ; ; ; ; ; ; 
 ; ; ; ; ; ; ; ; ; ; ; ; 
 ;12;10;13;22;12;14;9;13;0;0;0; 
 ;16;7;10;18;20;20;11;19;0;0;0; 
 ; ; ; ; ; ; ; ; ; ; ; ; 
 ; ; ; ; ; ; ; ; ; ; ; ; 
 ; ; ; ; ; ; ; ; ; ; ; ; 
 ; ; ; ; ; ; ; ; ; ; ; ; 
 ; ; ; ; ; ; ; ; ; ; ; ; 
 ; ; ; ; ; ; ; ; ; ; ; ; 
 ; ; ; ; ; ; ; ; ; ; ; ; 
 ; ; ; ; ; ; ; ; ; ; ; ; 
 ; ; ; ; ; ; ; ; ; ; ; ; 
 ; ; ; ; ; ; ; ; ; ; ; ; 
 ; ; ; ; ; ; ; ; ; ; ; ; 
 ;10;7;8; ;25;23;10;9;0;0;0; 
 ; ; ; ; ; ; ; ; ; ; ; ; 
 ; ; ; ; ; ; ; ; ; ; ; ; 
 ; ; ; ; ; ; ; ; ; ; ; ; 
 ; ; ; ; ; ; ; ; ; ; ; ; 
 ;18; ;10;22;21;21;15;10;0; ;0; 
 ;16;13; ;24;18;23;11;20;0;0; ; 
 ;12;9;7;20;19;23;11;18;0;0;0; 
 ; ; ; ; ; ; ; ; ; ; ; ; 
 ; ; ; ; ; ; ; ; ; ; ; ; 
 ;22;15;14;15;18;18;17;16;1;1;0; 
 ; ; ; ; ; ; ; ; ; ; ; ; 
 ;28;28;25; ; ; ; ; ;1;1;1; 
 ;13;8;12; ; ; ; ; ;0;0;0; 
 ;14;7;9;17;20;19;12;17;0;0;0; 
 ; ; ; ; ; ; ; ; ; ; ; ; 
 ; ; ; ; ; ; ; ; ; ; ; ; 
 ; ; ; ; ; ; ; ; ; ; ; ; 
 ;15;10;12;25;17;23;14; ;0;0;0; 
 ; ; ; ; ; ; ; ; ; ; ; ; 
 ; ; ; ; ; ; ; ; ; ; ; ; 
 ;12; ;10;13;25;23;14;17;0; ;0; 
 ; ; ; ; ; ; ; ; ; ; ; ; 
 ; ; ; ; ; ; ; ; ; ; ; ; 
 ;11;7;7;20;20;23;10;18;0;0;0; 
 ; ; ; ; ; ; ; ; ; ; ; ; 
 ; ; ; ; ; ; ; ; ; ; ; ; 
 ; ; ; ; ; ; ; ; ; ; ; ; 
 ;21;19;22;11;13;21;16;13;1;1;1; 
 ; ; ; ; ; ; ; ; ; ; ; ; 
 ;14;12;10;25;25;25;5;17;0;0;0; 
 ;15;13;14;18;22;22;15;14;0;0;0; 
 ; ; ; ; ; ; ; ; ; ; ; ; 
 ;8;7;7;21;20;24;11;17;0;0;0; 
 ;24;16;14;21;18;13;14;18;1;1;0; 
 ; ; ; ; ; ; ; ; ; ; ; ; 
 ; ; ; ; ; ; ; ; ; ; ; ; 
 ;9;7;9; ; ; ; ; ;0;0;0; 
 ; ;16;14;20;21;19;16;14; ;1;0; 
 ;12;8;26;5;25;20;17;5;0;0;1; 
 ;13;11;9;8;23;19;11;16;0;0;0; 
 ;7;7;7; ;25;25;5;22;0;0;0; 
 ;7;7;7;19;20;23;7;15;0;0;0; 
 ; ; ; ; ; ; ; ; ; ; ; ; 
 ;9;10;11;16;7;7;19;13;0;0;0; 
 ; ; ; ; ; ; ; ; ; ; ; ; 
 ; ; ; ; ; ; ; ; ; ; ; ; 
 ;10;9;14;17;18;16;9;12;0;0;0; 
 ; ; ; ; ; ; ; ; ; ; ; ; 
 ; ; ; ; ; ; ; ; ; ; ; ; 
 ; ; ; ; ; ; ; ; ; ; ; ; 
 ; ; ; ; ; ; ; ; ; ; ; ; 
 ;15;14; ;18;20;18;10;13;0;0; ; 
 ;7;7;7; ; ; ; ; ;0;0;0; 
 ; ;17;22;18;19;22;21;17; ;1;1; 
 ; ; ; ; ; ; ; ; ; ; ; ; 
 ;14;10;10;24;21;25;16;11;0;0;0; 
 ; ;7;8;15;16; ;13;13; ;0;0; 
 ; ; ; ; ; ; ; ; ; ; ; ; 
 ; ; ; ; ; ; ; ; ; ; ; ; 
 ;16;9;9;23;24; ;16;10;0;0;0; 
 ; ; ; ; ; ; ; ; ; ; ; ; 
 ;10;7; ;25;25;25;5;22;0;0; ; 
 ; ;9;11;21;21;19;14;21; ;0;0; 
 ; ; ; ; ; ; ; ; ; ; ; ; 
 ;17;10;28;12;13;23;20;14;0;0;1; 
 ;27;10;17;17;5;20;22;9;1;0;0; 
 ;12;7;8;19;21; ;11;14;0;0;0; 
 ; ; ; ; ; ; ; ; ; ; ; ; 
 ; ; ; ; ; ; ; ; ; ; ; ; 
 ;28;26;28;7;17;17;25;23;1;1;1; 
 ; ; ; ; ; ; ; ; ; ; ; ; 
 ; ; ; ; ; ; ; ; ; ; ; ; 
 ; ; ; ; ; ; ; ; ; ; ; ; 
 ; ;12;15;22;23;16; ;19; ;0;0; 
 ; ; ; ; ; ; ; ; ; ; ; ; 
 ; ; ; ; ; ; ; ; ; ; ; ; 
 ; ;9;13; ;25;25;15;7; ;0;0; 
 ;8;8;8;21;24;25;11; ;0;0;0; 
 ;14;14;14; ; ; ; ; ;0;0;0; 
 ; ; ; ; ; ; ; ; ; ; ; ; 
 ; ; ; ; ; ; ; ; ; ; ; ; 
 ; ; ; ; ; ; ; ; ; ; ; ; 
 ; ; ; ; ; ; ; ; ; ; ; ; 
 ; ; ; ; ; ; ; ; ; ; ; ; 
 ; ; ; ; ; ; ; ; ; ; ; ; 
 ; ; ; ; ; ; ; ; ; ; ; ; 
 ; ; ; ; ; ; ; ; ; ; ; ; 
 ;23; ; ;11; ;18;21;16;1; ; ; 
 ; ; ; ; ; ; ; ; ; ; ; ; 
 ; ; ; ; ; ; ; ; ; ; ; ; 
